jain
0.7399 0.2569 0.5463 0.4289 0.6024 0.0838 0.1804
0.7399 0.2569 0.5463 0.4289 0.6024 0.0838 0.1804
0.7399 0.2547 0.5447 0.4279 0.6013 0.0800 0.1818
0.7399 0.2569 0.5463 0.4289 0.6024 0.0838 0.1804
0.7399 0.2547 0.5447 0.4279 0.6013 0.0800 0.1818
0.7399 0.2547 0.5447 0.4279 0.6013 0.0800 0.1818
0.7399 0.2569 0.5463 0.4289 0.6024 0.0838 0.1804
0.7399 0.2569 0.5463 0.4289 0.6024 0.0838 0.1804
0.7399 0.2569 0.5463 0.4289 0.6024 0.0838 0.1804
0.7399 0.2569 0.5463 0.4289 0.6024 0.0838 0.1804
R15
0.9967 0.9942 0.9991 0.9866 0.9932 0.9928 0.0004
0.9967 0.9942 0.9991 0.9866 0.9932 0.9928 0.0004
0.9967 0.9942 0.9991 0.9866 0.9932 0.9928 0.0004
0.9967 0.9942 0.9991 0.9866 0.9932 0.9928 0.0004
0.9967 0.9942 0.9991 0.9866 0.9932 0.9928 0.0004
0.9967 0.9942 0.9991 0.9866 0.9932 0.9928 0.0004
0.9967 0.9942 0.9991 0.9866 0.9932 0.9928 0.0004
0.9967 0.9942 0.9991 0.9866 0.9932 0.9928 0.0004
0.9967 0.9942 0.9991 0.9866 0.9932 0.9928 0.0004
0.9967 0.9942 0.9991 0.9866 0.9932 0.9928 0.0004
D31
0.9755 0.9654 0.9969 0.9082 0.9519 0.9503 0.0015
0.9755 0.9654 0.9969 0.9082 0.9519 0.9503 0.0015
0.9755 0.9654 0.9969 0.9082 0.9519 0.9503 0.0015
0.9755 0.9654 0.9969 0.9082 0.9519 0.9503 0.0015
0.9755 0.9654 0.9969 0.9082 0.9519 0.9503 0.0015
0.9755 0.9654 0.9969 0.9082 0.9519 0.9503 0.0015
0.9755 0.9654 0.9969 0.9082 0.9519 0.9503 0.0015
0.9755 0.9654 0.9969 0.9082 0.9519 0.9503 0.0015
0.9755 0.9654 0.9969 0.9082 0.9519 0.9503 0.0015
0.9755 0.9654 0.9969 0.9082 0.9519 0.9503 0.0015
Aggregation
0.9543 0.8985 0.9284 0.6876 0.8207 0.7713 0.0128
0.9543 0.8987 0.9286 0.6887 0.8214 0.7722 0.0127
0.9543 0.8985 0.9284 0.6876 0.8207 0.7713 0.0128
0.9543 0.8987 0.9286 0.6887 0.8214 0.7722 0.0127
0.9543 0.8987 0.9286 0.6887 0.8214 0.7722 0.0127
0.9543 0.8987 0.9286 0.6887 0.8214 0.7722 0.0127
0.9543 0.8987 0.9286 0.6887 0.8214 0.7722 0.0127
0.9543 0.8987 0.9286 0.6887 0.8214 0.7722 0.0127
0.9543 0.8987 0.9286 0.6887 0.8214 0.7722 0.0127
0.9543 0.8985 0.9284 0.6876 0.8207 0.7713 0.0128
flame
0.9625 0.7588 0.9275 0.8730 0.9322 0.8543 0.0351
0.9625 0.7588 0.9275 0.8730 0.9322 0.8543 0.0351
0.9625 0.7588 0.9275 0.8730 0.9322 0.8543 0.0351
0.9625 0.7588 0.9275 0.8730 0.9322 0.8543 0.0351
0.9625 0.7588 0.9275 0.8730 0.9322 0.8543 0.0351
0.9625 0.7588 0.9275 0.8730 0.9322 0.8543 0.0351
0.9625 0.7588 0.9275 0.8730 0.9322 0.8543 0.0351
0.9625 0.7588 0.9275 0.8730 0.9322 0.8543 0.0351
0.9625 0.7588 0.9275 0.8730 0.9322 0.8543 0.0351
0.9625 0.7588 0.9275 0.8730 0.9322 0.8543 0.0351
Compound
0.8296 0.7182 0.8410 0.4576 0.6358 0.5300 0.0459
0.8296 0.7182 0.8410 0.4576 0.6358 0.5300 0.0459
0.8296 0.7182 0.8410 0.4576 0.6358 0.5300 0.0459
0.8296 0.7186 0.8413 0.4586 0.6366 0.5310 0.0460
0.8296 0.7182 0.8410 0.4576 0.6358 0.5300 0.0459
0.8296 0.7182 0.8410 0.4576 0.6358 0.5300 0.0459
0.8296 0.7186 0.8413 0.4586 0.6366 0.5310 0.0460
0.8296 0.7182 0.8410 0.4576 0.6358 0.5300 0.0459
0.8296 0.7182 0.8410 0.4576 0.6358 0.5300 0.0459
0.8296 0.7186 0.8413 0.4586 0.6366 0.5310 0.0460
pathbased
0.7800 0.5826 0.7725 0.5182 0.6844 0.5067 0.1393
0.7800 0.5826 0.7725 0.5182 0.6844 0.5067 0.1393
0.7800 0.5826 0.7725 0.5182 0.6844 0.5067 0.1393
0.7800 0.5826 0.7725 0.5182 0.6844 0.5067 0.1393
0.7800 0.5826 0.7725 0.5182 0.6844 0.5067 0.1393
0.7800 0.5826 0.7725 0.5182 0.6844 0.5067 0.1393
0.7800 0.5826 0.7725 0.5182 0.6844 0.5067 0.1393
0.7800 0.5826 0.7725 0.5182 0.6844 0.5067 0.1393
0.7800 0.5826 0.7725 0.5182 0.6844 0.5067 0.1393
0.7800 0.5826 0.7725 0.5182 0.6844 0.5067 0.1393
spiral
0.8077 0.6178 0.7974 0.5403 0.7017 0.5484 0.1093
0.8077 0.6178 0.7974 0.5403 0.7017 0.5484 0.1093
0.8237 0.6234 0.7881 0.5385 0.7014 0.5372 0.1278
0.8077 0.6178 0.7974 0.5403 0.7017 0.5484 0.1093
0.8077 0.6178 0.7974 0.5403 0.7017 0.5484 0.1093
0.8077 0.6178 0.7974 0.5403 0.7017 0.5484 0.1093
0.8237 0.6234 0.7881 0.5385 0.7014 0.5372 0.1278
0.8077 0.6178 0.7974 0.5403 0.7017 0.5484 0.1093
0.8237 0.6234 0.7881 0.5385 0.7014 0.5372 0.1278
0.8173 0.6139 0.7807 0.5279 0.6925 0.5222 0.1331
s1
0.0862 0.0099 0.6690 0.0579 0.1426 0.0001 0.2848
0.0854 0.0079 0.6626 0.0581 0.1442 -0.0001 0.2916
0.0868 0.0093 0.6754 0.0576 0.1409 0.0000 0.2778
0.0844 0.0080 0.6566 0.0583 0.1457 -0.0001 0.2981
0.0860 0.0095 0.6540 0.0584 0.1466 0.0000 0.3008
0.0882 0.0092 0.6841 0.0572 0.1385 0.0001 0.2685
0.0858 0.0085 0.6729 0.0577 0.1415 0.0000 0.2806
0.0882 0.0092 0.6841 0.0572 0.1385 0.0001 0.2685
0.0852 0.0072 0.6713 0.0577 0.1417 -0.0002 0.2822
0.0862 0.0078 0.6740 0.0576 0.1411 -0.0001 0.2793
iris
0.9000 0.7661 0.8859 0.7084 0.8294 0.7437 0.0625
0.9067 0.7744 0.8923 0.7217 0.8385 0.7576 0.0583
0.9067 0.7744 0.8923 0.7217 0.8385 0.7576 0.0583
0.9067 0.7744 0.8923 0.7217 0.8385 0.7576 0.0583
0.9067 0.7744 0.8923 0.7217 0.8385 0.7576 0.0583
0.9000 0.7661 0.8859 0.7084 0.8294 0.7437 0.0625
0.9000 0.7661 0.8859 0.7084 0.8294 0.7437 0.0625
0.9067 0.7744 0.8923 0.7217 0.8385 0.7576 0.0583
0.9067 0.7744 0.8923 0.7217 0.8385 0.7576 0.0583
0.9000 0.7661 0.8859 0.7084 0.8294 0.7437 0.0625
ionosphere
0.6467 0.0387 0.5418 0.5384 0.7325 0.0090 0.4542
0.6467 0.0387 0.5418 0.5384 0.7325 0.0090 0.4542
0.6467 0.0387 0.5418 0.5384 0.7325 0.0090 0.4542
0.6467 0.0387 0.5418 0.5384 0.7325 0.0090 0.4542
0.6467 0.0387 0.5418 0.5384 0.7325 0.0090 0.4542
0.6467 0.0387 0.5418 0.5384 0.7325 0.0090 0.4542
0.6467 0.0387 0.5418 0.5384 0.7325 0.0090 0.4542
0.6467 0.0387 0.5418 0.5384 0.7325 0.0090 0.4542
0.6467 0.0387 0.5418 0.5384 0.7325 0.0090 0.4542
0.6467 0.0387 0.5418 0.5384 0.7325 0.0090 0.4542
wine
0.4157 0.0559 0.5209 0.2499 0.4046 0.0164 0.3008
0.4157 0.0559 0.5209 0.2499 0.4046 0.0164 0.3008
0.4157 0.0559 0.5209 0.2499 0.4046 0.0164 0.3008
0.4157 0.0559 0.5209 0.2499 0.4046 0.0164 0.3008
0.4157 0.0319 0.5060 0.2638 0.4263 0.0184 0.3330
0.4157 0.0559 0.5209 0.2499 0.4046 0.0164 0.3008
0.4157 0.0319 0.5060 0.2638 0.4263 0.0184 0.3330
0.4157 0.0319 0.5060 0.2638 0.4263 0.0184 0.3330
0.4157 0.0319 0.5060 0.2638 0.4263 0.0184 0.3330
0.4157 0.0559 0.5209 0.2499 0.4046 0.0164 0.3008
diabetes
0.6510 0.0066 0.5022 0.4015 0.5742 -0.0177 0.2867
0.6510 0.0066 0.5022 0.4015 0.5742 -0.0177 0.2867
0.6510 0.0066 0.5022 0.4015 0.5742 -0.0177 0.2867
0.6510 0.0066 0.5022 0.4015 0.5742 -0.0177 0.2867
0.6510 0.0066 0.5022 0.4015 0.5742 -0.0177 0.2867
0.6510 0.0066 0.5022 0.4015 0.5742 -0.0177 0.2867
0.6510 0.0066 0.5022 0.4015 0.5742 -0.0177 0.2867
0.6510 0.0066 0.5022 0.4015 0.5742 -0.0177 0.2867
0.6510 0.0066 0.5022 0.4015 0.5742 -0.0177 0.2867
0.6510 0.0066 0.5022 0.4015 0.5742 -0.0177 0.2867
segmentation
0.2381 0.1372 0.4251 0.1317 0.2995 0.0085 0.5233
0.2381 0.1372 0.4251 0.1317 0.2995 0.0085 0.5233
0.2381 0.1372 0.4251 0.1317 0.2995 0.0085 0.5233
0.2381 0.1372 0.4251 0.1317 0.2995 0.0085 0.5233
0.2381 0.1372 0.4251 0.1317 0.2995 0.0085 0.5233
0.2381 0.1372 0.4251 0.1317 0.2995 0.0085 0.5233
0.2381 0.1372 0.4251 0.1317 0.2995 0.0085 0.5233
0.2381 0.1372 0.4251 0.1317 0.2995 0.0085 0.5233
0.2381 0.1372 0.4251 0.1317 0.2995 0.0085 0.5233
0.2381 0.1372 0.4251 0.1317 0.2995 0.0085 0.5233
glass
0.4673 0.3318 0.5560 0.3326 0.5484 0.2084 0.4055
0.4673 0.3318 0.5560 0.3326 0.5484 0.2084 0.4055
0.4673 0.3318 0.5560 0.3326 0.5484 0.2084 0.4055
0.4673 0.3318 0.5560 0.3326 0.5484 0.2084 0.4055
0.4673 0.3318 0.5560 0.3326 0.5484 0.2084 0.4055
0.4673 0.3318 0.5560 0.3326 0.5484 0.2084 0.4055
0.4673 0.3318 0.5560 0.3326 0.5484 0.2084 0.4055
0.4673 0.3318 0.5560 0.3326 0.5484 0.2084 0.4055
0.4673 0.3318 0.5560 0.3326 0.5484 0.2084 0.4055
0.4673 0.3318 0.5560 0.3326 0.5484 0.2084 0.4055
wdbc
0.6274 0.1008 0.5017 0.4652 0.6512 -0.0405 0.4001
0.6274 0.0823 0.5061 0.4794 0.6681 -0.0367 0.4172
0.6274 0.1008 0.5017 0.4652 0.6512 -0.0405 0.4001
0.6274 0.0823 0.5061 0.4794 0.6681 -0.0367 0.4172
0.6274 0.0823 0.5061 0.4794 0.6681 -0.0367 0.4172
0.6274 0.1008 0.5017 0.4652 0.6512 -0.0405 0.4001
0.6274 0.1008 0.5017 0.4652 0.6512 -0.0405 0.4001
0.6274 0.1008 0.5017 0.4652 0.6512 -0.0405 0.4001
0.6274 0.1008 0.5017 0.4652 0.6512 -0.0405 0.4001
0.6274 0.1008 0.5017 0.4652 0.6512 -0.0405 0.4001
wpbc
0.7629 0.0005 0.4974 0.3860 0.5612 -0.0042 0.1823
0.7629 0.0096 0.5028 0.3903 0.5657 0.0068 0.1793
0.7629 0.0094 0.5051 0.3930 0.5684 0.0106 0.1789
0.7629 0.0000 0.4987 0.3885 0.5635 -0.0035 0.1833
0.7629 0.0094 0.5051 0.3930 0.5684 0.0106 0.1789
0.7629 0.0094 0.5051 0.3930 0.5684 0.0106 0.1789
0.7629 0.0000 0.4987 0.3885 0.5635 -0.0035 0.1833
0.7629 0.0005 0.4974 0.3860 0.5612 -0.0042 0.1823
0.7629 0.0094 0.5051 0.3930 0.5684 0.0106 0.1789
0.7629 0.0096 0.5028 0.3903 0.5657 0.0068 0.1793
