jain
0.8633 0.4189 0.7633 0.6600 0.7967 0.5175 0.0820
0.8633 0.4189 0.7633 0.6600 0.7967 0.5175 0.0820
0.8633 0.4189 0.7633 0.6600 0.7967 0.5175 0.0820
0.8633 0.4189 0.7633 0.6600 0.7967 0.5175 0.0820
0.8633 0.4189 0.7633 0.6600 0.7967 0.5175 0.0820
0.8633 0.4189 0.7633 0.6600 0.7967 0.5175 0.0820
0.8633 0.4189 0.7633 0.6600 0.7967 0.5175 0.0820
0.8633 0.4189 0.7633 0.6600 0.7967 0.5175 0.0820
0.8633 0.4189 0.7633 0.6600 0.7967 0.5175 0.0820
0.8633 0.4189 0.7633 0.6600 0.7967 0.5175 0.0820
R15
0.7067 0.7306 0.9435 0.4266 0.5997 0.5679 0.0335
0.7117 0.7326 0.9415 0.4216 0.5958 0.5619 0.0361
0.6967 0.7253 0.9405 0.4113 0.5850 0.5511 0.0359
0.6667 0.7129 0.9299 0.3722 0.5487 0.5055 0.0465
0.6883 0.7253 0.9387 0.4086 0.5836 0.5475 0.0386
0.6750 0.7115 0.9371 0.3904 0.5640 0.5280 0.0381
0.6683 0.7037 0.9310 0.3661 0.5401 0.4993 0.0437
0.7000 0.7235 0.9418 0.4105 0.5833 0.5510 0.0336
0.6783 0.7250 0.9376 0.3984 0.5729 0.5365 0.0387
0.7150 0.7369 0.9428 0.4233 0.5966 0.5642 0.0341
D31
0.6358 0.7397 0.9684 0.3562 0.5257 0.5089 0.0171
0.6342 0.7294 0.9672 0.3422 0.5105 0.4930 0.0180
0.6974 0.7671 0.9732 0.4236 0.5954 0.5813 0.0145
0.6952 0.7503 0.9712 0.3932 0.5648 0.5496 0.0156
0.6555 0.7437 0.9684 0.3623 0.5327 0.5156 0.0176
0.6977 0.7519 0.9710 0.3945 0.5664 0.5509 0.0160
0.6787 0.7567 0.9708 0.3890 0.5605 0.5450 0.0159
0.6600 0.7466 0.9703 0.3752 0.5458 0.5304 0.0156
0.6910 0.7607 0.9715 0.3972 0.5688 0.5538 0.0153
0.6848 0.7502 0.9704 0.3809 0.5519 0.5364 0.0158
Aggregation
0.9226 0.8377 0.9148 0.6359 0.7841 0.7258 0.0176
0.9226 0.8377 0.9148 0.6359 0.7841 0.7258 0.0176
0.9213 0.8344 0.9138 0.6325 0.7816 0.7227 0.0180
0.9226 0.8364 0.9147 0.6356 0.7839 0.7255 0.0177
0.8452 0.7333 0.8758 0.5117 0.6825 0.6016 0.0378
0.9213 0.8344 0.9138 0.6325 0.7816 0.7227 0.0180
0.8883 0.8010 0.9147 0.6466 0.7885 0.7327 0.0249
0.9226 0.8364 0.9147 0.6356 0.7839 0.7255 0.0177
0.9226 0.8364 0.9147 0.6356 0.7839 0.7255 0.0177
0.9226 0.8364 0.9147 0.6356 0.7839 0.7255 0.0177
flame
0.6375 0.0331 0.4985 0.4207 0.5972 -0.0318 0.3298
0.6375 0.0331 0.4985 0.4207 0.5972 -0.0318 0.3298
0.6375 0.1468 0.5148 0.4084 0.5815 0.0127 0.2843
0.6375 0.1607 0.5148 0.4114 0.5848 0.0115 0.2885
0.6375 0.1607 0.5148 0.4114 0.5848 0.0115 0.2885
0.6375 0.0235 0.5133 0.3599 0.5296 0.0268 0.2244
0.6375 0.1468 0.5148 0.4084 0.5815 0.0127 0.2843
0.6375 0.1607 0.5148 0.4114 0.5848 0.0115 0.2885
0.6375 0.1468 0.5148 0.4084 0.5815 0.0127 0.2843
0.6375 0.1607 0.5148 0.4114 0.5848 0.0115 0.2885
Compound
0.8672 0.7251 0.8553 0.5165 0.6839 0.5885 0.0521
0.8421 0.7050 0.8451 0.5007 0.6686 0.5669 0.0630
0.8672 0.7251 0.8553 0.5165 0.6839 0.5885 0.0521
0.8421 0.7050 0.8451 0.5007 0.6686 0.5669 0.0630
0.8672 0.7251 0.8553 0.5165 0.6839 0.5885 0.0521
0.8672 0.7251 0.8553 0.5165 0.6839 0.5885 0.0521
0.7870 0.6816 0.8505 0.5298 0.6927 0.5939 0.0706
0.8421 0.7050 0.8451 0.5007 0.6686 0.5669 0.0630
0.7870 0.6816 0.8505 0.5298 0.6927 0.5939 0.0706
0.8672 0.7251 0.8553 0.5165 0.6839 0.5885 0.0521
pathbased
0.7367 0.5265 0.7416 0.4830 0.6548 0.4495 0.1670
0.7367 0.5265 0.7416 0.4830 0.6548 0.4495 0.1670
0.7400 0.5445 0.7457 0.4891 0.6604 0.4582 0.1649
0.7400 0.5445 0.7457 0.4891 0.6604 0.4582 0.1649
0.7367 0.5416 0.7436 0.4872 0.6589 0.4547 0.1671
0.7333 0.5236 0.7395 0.4812 0.6533 0.4460 0.1692
0.7367 0.5265 0.7416 0.4830 0.6548 0.4495 0.1670
0.7400 0.5445 0.7457 0.4891 0.6604 0.4582 0.1649
0.7400 0.5445 0.7457 0.4891 0.6604 0.4582 0.1649
0.7367 0.5265 0.7416 0.4830 0.6548 0.4495 0.1670
spiral
0.3718 0.0048 0.5547 0.2002 0.3336 -0.0008 0.2255
0.3718 0.0048 0.5547 0.2002 0.3336 -0.0008 0.2255
0.3718 0.0048 0.5547 0.2002 0.3336 -0.0008 0.2255
0.3590 0.0022 0.5540 0.1982 0.3308 -0.0037 0.2249
0.3718 0.0048 0.5547 0.2002 0.3336 -0.0008 0.2255
0.3590 0.0022 0.5540 0.1982 0.3308 -0.0037 0.2249
0.3686 0.0043 0.5547 0.1995 0.3326 -0.0015 0.2249
0.3718 0.0048 0.5547 0.2002 0.3336 -0.0008 0.2255
0.3718 0.0048 0.5547 0.2002 0.3336 -0.0008 0.2255
0.3590 0.0023 0.5544 0.1977 0.3301 -0.0037 0.2240
s1
0.9396 0.9113 0.9815 0.7617 0.8650 0.8548 0.0110
0.9396 0.9113 0.9815 0.7617 0.8650 0.8548 0.0110
0.9396 0.9113 0.9815 0.7617 0.8650 0.8548 0.0110
0.9396 0.9113 0.9815 0.7617 0.8650 0.8548 0.0110
0.9396 0.9113 0.9815 0.7617 0.8650 0.8548 0.0110
0.9396 0.9113 0.9815 0.7617 0.8650 0.8548 0.0110
0.9396 0.9113 0.9815 0.7617 0.8650 0.8548 0.0110
0.9396 0.9113 0.9815 0.7617 0.8650 0.8548 0.0110
0.9396 0.9113 0.9815 0.7617 0.8650 0.8548 0.0110
0.9396 0.9113 0.9815 0.7617 0.8650 0.8548 0.0110
iris
0.8667 0.7308 0.8568 0.6524 0.7901 0.6813 0.0830
0.8667 0.7437 0.8568 0.6549 0.7922 0.6828 0.0861
0.8667 0.7308 0.8568 0.6524 0.7901 0.6813 0.0830
0.8667 0.7437 0.8568 0.6549 0.7922 0.6828 0.0861
0.8667 0.7308 0.8568 0.6524 0.7901 0.6813 0.0830
0.8667 0.7308 0.8568 0.6524 0.7901 0.6813 0.0830
0.8667 0.7308 0.8568 0.6524 0.7901 0.6813 0.0830
0.8667 0.7308 0.8568 0.6524 0.7901 0.6813 0.0830
0.8667 0.7437 0.8568 0.6549 0.7922 0.6828 0.0861
0.8667 0.7437 0.8568 0.6549 0.7922 0.6828 0.0861
ionosphere
0.6581 0.0748 0.5487 0.5386 0.7302 0.0277 0.4396
0.6581 0.0748 0.5487 0.5386 0.7302 0.0277 0.4396
0.6581 0.0748 0.5487 0.5386 0.7302 0.0277 0.4396
0.6581 0.0748 0.5487 0.5386 0.7302 0.0277 0.4396
0.6581 0.0748 0.5487 0.5386 0.7302 0.0277 0.4396
0.6581 0.0748 0.5487 0.5386 0.7302 0.0277 0.4396
0.6581 0.0748 0.5487 0.5386 0.7302 0.0277 0.4396
0.6581 0.0748 0.5487 0.5386 0.7302 0.0277 0.4396
0.6581 0.0748 0.5487 0.5386 0.7302 0.0277 0.4396
0.6581 0.0748 0.5487 0.5386 0.7302 0.0277 0.4396
wine
0.6573 0.4421 0.6444 0.4403 0.6334 0.3227 0.2973
0.6573 0.4421 0.6444 0.4403 0.6334 0.3227 0.2973
0.6573 0.4421 0.6444 0.4403 0.6334 0.3227 0.2973
0.6573 0.4421 0.6444 0.4403 0.6334 0.3227 0.2973
0.6573 0.4421 0.6444 0.4403 0.6334 0.3227 0.2973
0.6573 0.4421 0.6444 0.4403 0.6334 0.3227 0.2973
0.6573 0.4421 0.6444 0.4403 0.6334 0.3227 0.2973
0.6517 0.4287 0.6352 0.4323 0.6262 0.3075 0.3046
0.6517 0.4287 0.6352 0.4323 0.6262 0.3075 0.3046
0.6573 0.4421 0.6444 0.4403 0.6334 0.3227 0.2973
diabetes
0.6563 0.0125 0.5482 0.5357 0.7247 0.0169 0.4280
0.6563 0.0125 0.5482 0.5357 0.7247 0.0169 0.4280
0.6563 0.0125 0.5482 0.5357 0.7247 0.0169 0.4280
0.6563 0.0125 0.5482 0.5357 0.7247 0.0169 0.4280
0.6563 0.0125 0.5482 0.5357 0.7247 0.0169 0.4280
0.6563 0.0125 0.5482 0.5357 0.7247 0.0169 0.4280
0.6563 0.0125 0.5482 0.5357 0.7247 0.0169 0.4280
0.6563 0.0125 0.5482 0.5357 0.7247 0.0169 0.4280
0.6563 0.0125 0.5482 0.5357 0.7247 0.0169 0.4280
0.6563 0.0125 0.5482 0.5357 0.7247 0.0169 0.4280
segmentation
0.6238 0.6050 0.8464 0.3773 0.5573 0.4591 0.1079
0.5762 0.5623 0.8193 0.3226 0.4994 0.3842 0.1280
0.6143 0.5996 0.8465 0.3772 0.5571 0.4591 0.1077
0.6238 0.6050 0.8464 0.3773 0.5573 0.4591 0.1079
0.5619 0.5209 0.8229 0.3101 0.4808 0.3709 0.1179
0.6143 0.5996 0.8465 0.3772 0.5571 0.4591 0.1077
0.5952 0.5847 0.8286 0.3413 0.5200 0.4104 0.1214
0.6143 0.5615 0.8369 0.3519 0.5297 0.4263 0.1130
0.6095 0.5850 0.8451 0.3717 0.5508 0.4523 0.1078
0.5619 0.5209 0.8229 0.3101 0.4808 0.3709 0.1179
glass
0.4579 0.3148 0.5640 0.3219 0.5286 0.1974 0.3832
0.4439 0.3093 0.5522 0.3269 0.5406 0.1990 0.4054
0.4579 0.3150 0.5642 0.3211 0.5273 0.1966 0.3821
0.4579 0.3008 0.5591 0.3186 0.5250 0.1908 0.3872
0.4533 0.3061 0.5579 0.3182 0.5249 0.1898 0.3887
0.4579 0.3148 0.5640 0.3219 0.5286 0.1974 0.3832
0.4533 0.2955 0.5447 0.3140 0.5225 0.1781 0.4038
0.4579 0.3148 0.5640 0.3219 0.5286 0.1974 0.3832
0.4533 0.3061 0.5579 0.3182 0.5249 0.1898 0.3887
0.4533 0.2955 0.5447 0.3140 0.5225 0.1781 0.4038
wdbc
0.6467 0.0773 0.5423 0.5309 0.7243 0.0277 0.4441
0.6467 0.0773 0.5423 0.5309 0.7243 0.0277 0.4441
0.6467 0.0773 0.5423 0.5309 0.7243 0.0277 0.4441
0.6467 0.0773 0.5423 0.5309 0.7243 0.0277 0.4441
0.6467 0.0773 0.5423 0.5309 0.7243 0.0277 0.4441
0.6467 0.0773 0.5423 0.5309 0.7243 0.0277 0.4441
0.6467 0.0773 0.5423 0.5309 0.7243 0.0277 0.4441
0.6467 0.0773 0.5423 0.5309 0.7243 0.0277 0.4441
0.6467 0.0773 0.5423 0.5309 0.7243 0.0277 0.4441
0.6467 0.0773 0.5423 0.5309 0.7243 0.0277 0.4441
wpbc
0.7629 0.0158 0.6309 0.6149 0.7738 0.0486 0.3219
0.7629 0.0158 0.6309 0.6149 0.7738 0.0486 0.3219
0.7629 0.0158 0.6309 0.6149 0.7738 0.0486 0.3219
0.7629 0.0158 0.6309 0.6149 0.7738 0.0486 0.3219
0.7629 0.0158 0.6309 0.6149 0.7738 0.0486 0.3219
0.7629 0.0158 0.6309 0.6149 0.7738 0.0486 0.3219
0.7629 0.0158 0.6309 0.6149 0.7738 0.0486 0.3219
0.7629 0.0158 0.6309 0.6149 0.7738 0.0486 0.3219
0.7629 0.0095 0.6363 0.6326 0.7930 0.0151 0.3534
0.7629 0.0158 0.6309 0.6149 0.7738 0.0486 0.3219
