jain
0.7399 0.2562
0.0000 0.0011
R15
0.9967 0.9942
0.0000 0.0000
D31
0.9755 0.9654
0.0000 0.0000
Aggregation
0.9543 0.8987
0.0000 0.0001
flame
0.9625 0.7588
0.0000 0.0000
Compound
0.8296 0.7183
0.0000 0.0002
pathbased
0.7800 0.5826
0.0000 0.0000
spiral
0.8135 0.6191
0.0077 0.0032
s1
0.0862 0.0087
0.0012 0.0009
iris
0.9040 0.7710
0.0034 0.0043
ionosphere
0.6467 0.0387
0.0000 0.0000
wine
0.4157 0.0463
0.0000 0.0124
diabetes
0.6510 0.0066
0.0000 0.0000
segmentation
0.2381 0.1372
0.0000 0.0000
glass
0.4673 0.3318
0.0000 0.0000
wdbc
0.6274 0.0953
0.0000 0.0089
wpbc
0.7629 0.0058
0.0000 0.0047
