jain
0.7399 0.2235
0.0000 0.0000
R15
0.8217 0.8867
0.0403 0.0211
D31
0.9748 0.9650
0.0004 0.0005
Aggregation
0.9873 0.9693
0.0000 0.0000
flame
0.9858 0.8892
0.0022 0.0127
Compound
0.8622 0.7742
0.0000 0.0007
pathbased
0.8757 0.7024
0.0042 0.0056
spiral
1.0000 1.0000
0.0000 0.0000
s1
0.2738 0.2864
0.0026 0.0032
iris
0.9000 0.7981
0.0000 0.0000
ionosphere
0.6439 0.0259
0.0000 0.0000
wine
0.7079 0.4179
0.0000 0.0000
diabetes
0.6510 0.0004
0.0000 0.0000
segmentation
0.6457 0.6251
0.0060 0.0083
glass
0.4710 0.3318
0.0020 0.0054
wdbc
0.8207 0.4056
0.0000 0.0000
wpbc
0.7629 0.0099
0.0000 0.0000
