jain
0.9491 0.7289
0.0000 0.0000
R15
0.9967 0.9942
0.0000 0.0000
D31
0.9767 0.9677
0.0001 0.0002
Aggregation
0.9937 0.9823
0.0000 0.0000
flame
0.9875 0.8991
0.0000 0.0000
Compound
0.8722 0.8357
0.0000 0.0000
pathbased
0.8907 0.7497
0.0014 0.0016
spiral
1.0000 1.0000
0.0000 0.0000
s1
0.2795 0.2734
0.0002 0.0013
iris
0.9067 0.8058
0.0000 0.0000
ionosphere
0.6952 0.1085
0.0000 0.0000
wine
0.7135 0.4199
0.0000 0.0000
diabetes
0.6510 0.0038
0.0000 0.0000
segmentation
0.6505 0.6011
0.0046 0.0001
glass
0.6168 0.3504
0.0000 0.0000
wdbc
0.6680 0.2007
0.0228 0.0216
wpbc
0.7629 0.0133
0.0000 0.0000
