jain
0.7818 0.1726
0.0882 0.2825
R15
0.9950 0.9913
0.0000 0.0000
D31
0.9743 0.9644
0.0002 0.0002
Aggregation
0.9898 0.9747
0.0000 0.0000
flame
0.9958 0.9635
0.0000 0.0000
Compound
0.8722 0.8335
0.0000 0.0000
pathbased
0.8833 0.7496
0.0000 0.0000
spiral
1.0000 1.0000
0.0000 0.0000
s1
0.2791 0.2754
0.0006 0.0024
iris
0.9093 0.7405
0.0056 0.0144
ionosphere
0.7322 0.2337
0.0662 0.0614
wine
0.7135 0.4327
0.0000 0.0000
diabetes
0.6510 0.0002
0.0000 0.0000
segmentation
0.6429 0.6045
0.0000 0.0072
glass
0.6355 0.3760
0.0022 0.0046
wdbc
0.6292 0.1900
0.0000 0.0000
wpbc
0.7629 0.0058
0.0000 0.0000
