jain
0.7399 0.0423 0.5112 0.3909 0.5649 0.0215 0.1884
0.7399 0.0423 0.5112 0.3909 0.5649 0.0215 0.1884
0.7399 0.0423 0.5112 0.3909 0.5649 0.0215 0.1884
0.7399 0.0423 0.5112 0.3909 0.5649 0.0215 0.1884
0.7399 0.0423 0.5112 0.3909 0.5649 0.0215 0.1884
0.7399 0.0423 0.5112 0.3909 0.5649 0.0215 0.1884
0.7399 0.0423 0.5112 0.3909 0.5649 0.0215 0.1884
0.7399 0.0423 0.5112 0.3909 0.5649 0.0215 0.1884
0.7399 0.0423 0.5112 0.3909 0.5649 0.0215 0.1884
0.7399 0.0423 0.5112 0.3909 0.5649 0.0215 0.1884
R15
0.9833 0.9728 0.9956 0.9350 0.9664 0.9640 0.0022
0.9833 0.9728 0.9956 0.9350 0.9664 0.9640 0.0022
0.9833 0.9728 0.9956 0.9350 0.9664 0.9640 0.0022
0.9833 0.9728 0.9956 0.9350 0.9664 0.9640 0.0022
0.9833 0.9728 0.9956 0.9350 0.9664 0.9640 0.0022
0.9833 0.9728 0.9956 0.9350 0.9664 0.9640 0.0022
0.9833 0.9728 0.9956 0.9350 0.9664 0.9640 0.0022
0.9833 0.9728 0.9956 0.9350 0.9664 0.9640 0.0022
0.9833 0.9728 0.9956 0.9350 0.9664 0.9640 0.0022
0.9833 0.9728 0.9956 0.9350 0.9664 0.9640 0.0022
D31
0.9629 0.9508 0.9953 0.8642 0.9271 0.9247 0.0024
0.9632 0.9510 0.9954 0.8652 0.9277 0.9254 0.0024
0.9635 0.9513 0.9954 0.8664 0.9284 0.9260 0.0023
0.9632 0.9509 0.9954 0.8653 0.9278 0.9254 0.0023
0.9629 0.9506 0.9953 0.8642 0.9271 0.9247 0.0024
0.9632 0.9510 0.9954 0.8653 0.9278 0.9254 0.0023
0.9639 0.9516 0.9955 0.8674 0.9290 0.9267 0.0023
0.9632 0.9510 0.9954 0.8653 0.9278 0.9254 0.0023
0.9632 0.9510 0.9954 0.8652 0.9277 0.9254 0.0024
0.9639 0.9516 0.9955 0.8674 0.9290 0.9267 0.0023
Aggregation
0.9734 0.9543 0.9809 0.9128 0.9549 0.9423 0.0027
0.9734 0.9543 0.9809 0.9128 0.9549 0.9423 0.0027
0.9746 0.9557 0.9817 0.9167 0.9570 0.9450 0.0026
0.9746 0.9557 0.9817 0.9167 0.9570 0.9450 0.0026
0.9746 0.9557 0.9817 0.9167 0.9570 0.9450 0.0026
0.9746 0.9557 0.9817 0.9167 0.9570 0.9450 0.0026
0.9746 0.9557 0.9817 0.9167 0.9570 0.9450 0.0026
0.9734 0.9543 0.9809 0.9128 0.9549 0.9423 0.0027
0.9734 0.9543 0.9809 0.9128 0.9549 0.9423 0.0027
0.9734 0.9543 0.9809 0.9128 0.9549 0.9423 0.0027
flame
0.9875 0.9108 0.9752 0.9551 0.9770 0.9501 0.0160
0.9875 0.9108 0.9752 0.9551 0.9770 0.9501 0.0160
0.9875 0.9108 0.9752 0.9551 0.9770 0.9501 0.0160
0.9875 0.9108 0.9752 0.9551 0.9770 0.9501 0.0160
0.9875 0.9108 0.9752 0.9551 0.9770 0.9501 0.0160
0.9875 0.9108 0.9752 0.9551 0.9770 0.9501 0.0160
0.9875 0.9108 0.9752 0.9551 0.9770 0.9501 0.0160
0.9875 0.9108 0.9752 0.9551 0.9770 0.9501 0.0160
0.9875 0.9108 0.9752 0.9551 0.9770 0.9501 0.0160
0.9875 0.9108 0.9752 0.9551 0.9770 0.9501 0.0160
Compound
0.7794 0.7267 0.8362 0.4541 0.6302 0.5221 0.0529
0.7794 0.7267 0.8362 0.4541 0.6302 0.5221 0.0529
0.7794 0.7267 0.8362 0.4541 0.6302 0.5221 0.0529
0.7794 0.7267 0.8362 0.4541 0.6302 0.5221 0.0529
0.7794 0.7200 0.8308 0.4453 0.6208 0.5098 0.0578
0.7794 0.7200 0.8308 0.4453 0.6208 0.5098 0.0578
0.7794 0.7267 0.8362 0.4541 0.6302 0.5221 0.0529
0.7794 0.7267 0.8362 0.4541 0.6302 0.5221 0.0529
0.7794 0.7267 0.8362 0.4541 0.6302 0.5221 0.0529
0.7794 0.7267 0.8362 0.4541 0.6302 0.5221 0.0529
pathbased
0.8733 0.7223 0.8554 0.6470 0.7857 0.6766 0.0768
0.8733 0.7223 0.8554 0.6470 0.7857 0.6766 0.0768
0.8733 0.7223 0.8554 0.6470 0.7857 0.6766 0.0768
0.8733 0.7223 0.8554 0.6470 0.7857 0.6766 0.0768
0.8733 0.7223 0.8554 0.6470 0.7857 0.6766 0.0768
0.8733 0.7223 0.8554 0.6470 0.7857 0.6766 0.0768
0.8733 0.7223 0.8554 0.6470 0.7857 0.6766 0.0768
0.8733 0.7223 0.8554 0.6470 0.7857 0.6766 0.0768
0.8733 0.7223 0.8554 0.6470 0.7857 0.6766 0.0768
0.8733 0.7223 0.8554 0.6470 0.7857 0.6766 0.0768
spiral
0.6827 0.5254 0.7260 0.4429 0.6152 0.4030 0.1605
0.6827 0.5254 0.7260 0.4429 0.6152 0.4030 0.1605
0.6827 0.5254 0.7260 0.4429 0.6152 0.4030 0.1605
0.6827 0.5254 0.7260 0.4429 0.6152 0.4030 0.1605
0.6827 0.5254 0.7260 0.4429 0.6152 0.4030 0.1605
0.6827 0.5254 0.7260 0.4429 0.6152 0.4030 0.1605
0.6827 0.5254 0.7260 0.4429 0.6152 0.4030 0.1605
0.6827 0.5254 0.7260 0.4429 0.6152 0.4030 0.1605
0.6827 0.5254 0.7260 0.4429 0.6152 0.4030 0.1605
0.6827 0.5254 0.7260 0.4429 0.6152 0.4030 0.1605
s1
0.2550 0.2641 0.5402 0.0689 0.1942 0.0142 0.4273
0.2550 0.2641 0.5402 0.0689 0.1942 0.0142 0.4273
0.2550 0.2641 0.5402 0.0689 0.1942 0.0142 0.4273
0.2550 0.2641 0.5402 0.0689 0.1942 0.0142 0.4273
0.2550 0.2641 0.5402 0.0689 0.1942 0.0142 0.4273
0.2550 0.2641 0.5402 0.0689 0.1942 0.0142 0.4273
0.2550 0.2641 0.5402 0.0689 0.1942 0.0142 0.4273
0.2550 0.2641 0.5402 0.0689 0.1942 0.0142 0.4273
0.2550 0.2641 0.5402 0.0689 0.1942 0.0142 0.4273
0.2448 0.2488 0.5352 0.0685 0.1938 0.0131 0.4323
iris
0.8533 0.6551 0.8375 0.6090 0.7571 0.6350 0.0868
0.8533 0.6551 0.8375 0.6090 0.7571 0.6350 0.0868
0.8533 0.6551 0.8375 0.6090 0.7571 0.6350 0.0868
0.8533 0.6551 0.8375 0.6090 0.7571 0.6350 0.0868
0.8600 0.6674 0.8428 0.6203 0.7658 0.6474 0.0852
0.8533 0.6551 0.8375 0.6090 0.7571 0.6350 0.0868
0.8533 0.6551 0.8375 0.6090 0.7571 0.6350 0.0868
0.8533 0.6551 0.8375 0.6090 0.7571 0.6350 0.0868
0.8533 0.6551 0.8375 0.6090 0.7571 0.6350 0.0868
0.8533 0.6551 0.8375 0.6090 0.7571 0.6350 0.0868
ionosphere
0.6496 0.1174 0.5434 0.3969 0.5684 0.0842 0.2186
0.6496 0.1174 0.5434 0.3969 0.5684 0.0842 0.2186
0.6496 0.1174 0.5434 0.3969 0.5684 0.0842 0.2186
0.6496 0.1174 0.5434 0.3969 0.5684 0.0842 0.2186
0.6496 0.1174 0.5434 0.3969 0.5684 0.0842 0.2186
0.6496 0.1174 0.5434 0.3969 0.5684 0.0842 0.2186
0.6496 0.1174 0.5434 0.3969 0.5684 0.0842 0.2186
0.6496 0.1174 0.5434 0.3969 0.5684 0.0842 0.2186
0.6496 0.1174 0.5434 0.3969 0.5684 0.0842 0.2186
0.6496 0.1174 0.5434 0.3969 0.5684 0.0842 0.2186
wine
0.5843 0.2931 0.5940 0.3199 0.4897 0.1607 0.2590
0.5843 0.2931 0.5940 0.3199 0.4897 0.1607 0.2590
0.5843 0.2931 0.5940 0.3199 0.4897 0.1607 0.2590
0.5843 0.2931 0.5940 0.3199 0.4897 0.1607 0.2590
0.5843 0.2931 0.5940 0.3199 0.4897 0.1607 0.2590
0.5843 0.2931 0.5940 0.3199 0.4897 0.1607 0.2590
0.5843 0.2931 0.5940 0.3199 0.4897 0.1607 0.2590
0.5843 0.2931 0.5940 0.3199 0.4897 0.1607 0.2590
0.5843 0.2931 0.5940 0.3199 0.4897 0.1607 0.2590
0.5843 0.2931 0.5940 0.3199 0.4897 0.1607 0.2590
diabetes
0.6510 0.0034 0.5404 0.5106 0.6949 0.0145 0.3941
0.6510 0.0030 0.5450 0.5391 0.7303 0.0051 0.4421
0.6510 0.0030 0.5450 0.5391 0.7303 0.0051 0.4421
0.6510 0.0030 0.5450 0.5391 0.7303 0.0051 0.4421
0.6510 0.0030 0.5450 0.5391 0.7303 0.0051 0.4421
0.6510 0.0034 0.5404 0.5106 0.6949 0.0145 0.3941
0.6510 0.0034 0.5404 0.5106 0.6949 0.0145 0.3941
0.6510 0.0034 0.5404 0.5106 0.6949 0.0145 0.3941
0.6510 0.0034 0.5404 0.5106 0.6949 0.0145 0.3941
0.6510 0.0034 0.5404 0.5106 0.6949 0.0145 0.3941
segmentation
0.5048 0.4496 0.8089 0.2328 0.3794 0.2660 0.1103
0.5048 0.4534 0.8109 0.2358 0.3832 0.2711 0.1086
0.5048 0.4534 0.8109 0.2358 0.3832 0.2711 0.1086
0.5476 0.4655 0.8157 0.2530 0.4060 0.2963 0.1080
0.5048 0.4534 0.8109 0.2358 0.3832 0.2711 0.1086
0.5048 0.4496 0.8089 0.2328 0.3794 0.2660 0.1103
0.5048 0.4534 0.8109 0.2358 0.3832 0.2711 0.1086
0.5048 0.4496 0.8089 0.2328 0.3794 0.2660 0.1103
0.5476 0.4655 0.8157 0.2530 0.4060 0.2963 0.1080
0.5048 0.4534 0.8109 0.2358 0.3832 0.2711 0.1086
glass
0.6355 0.3960 0.7369 0.2603 0.4184 0.2490 0.0959
0.6355 0.3960 0.7369 0.2603 0.4184 0.2490 0.0959
0.6215 0.3656 0.7153 0.2244 0.3711 0.1887 0.1072
0.6355 0.3909 0.7360 0.2616 0.4196 0.2493 0.0978
0.6215 0.3656 0.7153 0.2244 0.3711 0.1887 0.1072
0.6215 0.3749 0.7230 0.2336 0.3841 0.2067 0.1017
0.6355 0.3909 0.7360 0.2616 0.4196 0.2493 0.0978
0.6355 0.3849 0.7295 0.2530 0.4082 0.2336 0.1023
0.6355 0.3909 0.7360 0.2616 0.4196 0.2493 0.0978
0.6355 0.3909 0.7360 0.2616 0.4196 0.2493 0.0978
wdbc
0.6274 0.1505 0.5057 0.4237 0.6003 -0.0130 0.3262
0.6274 0.1505 0.5057 0.4237 0.6003 -0.0130 0.3262
0.6274 0.1476 0.5049 0.4246 0.6014 -0.0152 0.3288
0.6274 0.1505 0.5057 0.4237 0.6003 -0.0130 0.3262
0.6274 0.1476 0.5049 0.4246 0.6014 -0.0152 0.3288
0.6274 0.1505 0.5057 0.4237 0.6003 -0.0130 0.3262
0.6274 0.1476 0.5049 0.4246 0.6014 -0.0152 0.3288
0.6274 0.1476 0.5049 0.4246 0.6014 -0.0152 0.3288
0.6274 0.1505 0.5057 0.4237 0.6003 -0.0130 0.3262
0.6274 0.1505 0.5057 0.4237 0.6003 -0.0130 0.3262
wpbc
0.7629 0.0046 0.5335 0.4758 0.6452 -0.0327 0.2536
0.7629 0.0046 0.5335 0.4758 0.6452 -0.0327 0.2536
0.7629 0.0046 0.5335 0.4758 0.6452 -0.0327 0.2536
0.7629 0.0046 0.5335 0.4758 0.6452 -0.0327 0.2536
0.7629 0.0046 0.5335 0.4758 0.6452 -0.0327 0.2536
0.7629 0.0046 0.5335 0.4758 0.6452 -0.0327 0.2536
0.7629 0.0046 0.5335 0.4758 0.6452 -0.0327 0.2536
0.7629 0.0046 0.5335 0.4758 0.6452 -0.0327 0.2536
0.7629 0.0046 0.5335 0.4758 0.6452 -0.0327 0.2536
0.7629 0.0046 0.5335 0.4758 0.6452 -0.0327 0.2536
