jain
0.7399 0.0423
0.0000 0.0000
R15
0.9833 0.9728
0.0000 0.0000
D31
0.9633 0.9511
0.0003 0.0003
Aggregation
0.9740 0.9550
0.0007 0.0007
flame
0.9875 0.9108
0.0000 0.0000
Compound
0.7794 0.7254
0.0000 0.0028
pathbased
0.8733 0.7223
0.0000 0.0000
spiral
0.6827 0.5254
0.0000 0.0000
s1
0.2540 0.2625
0.0032 0.0048
iris
0.8540 0.6563
0.0021 0.0039
ionosphere
0.6496 0.1174
0.0000 0.0000
wine
0.5843 0.2931
0.0000 0.0000
diabetes
0.6510 0.0032
0.0000 0.0002
segmentation
0.5133 0.4547
0.0181 0.0060
glass
0.6313 0.3847
0.0068 0.0117
wdbc
0.6274 0.1494
0.0000 0.0015
wpbc
0.7629 0.0046
0.0000 0.0000
