jain
1.0000 1.0000 1.0000 1.0000 1.0000 1.0000 0.0000
1.0000 1.0000 1.0000 1.0000 1.0000 1.0000 0.0000
1.0000 1.0000 1.0000 1.0000 1.0000 1.0000 0.0000
1.0000 1.0000 1.0000 1.0000 1.0000 1.0000 0.0000
1.0000 1.0000 1.0000 1.0000 1.0000 1.0000 0.0000
1.0000 1.0000 1.0000 1.0000 1.0000 1.0000 0.0000
1.0000 1.0000 1.0000 1.0000 1.0000 1.0000 0.0000
1.0000 1.0000 1.0000 1.0000 1.0000 1.0000 0.0000
1.0000 1.0000 1.0000 1.0000 1.0000 1.0000 0.0000
1.0000 1.0000 1.0000 1.0000 1.0000 1.0000 0.0000
R15
0.9267 0.9659 0.9887 0.8490 0.9200 0.9123 0.0098
0.9267 0.9659 0.9887 0.8490 0.9200 0.9123 0.0098
0.9267 0.9659 0.9887 0.8490 0.9200 0.9123 0.0098
0.9267 0.9659 0.9887 0.8490 0.9200 0.9123 0.0098
0.9267 0.9659 0.9887 0.8490 0.9200 0.9123 0.0098
0.9267 0.9659 0.9887 0.8490 0.9200 0.9123 0.0098
0.9267 0.9659 0.9887 0.8490 0.9200 0.9123 0.0098
0.9267 0.9659 0.9887 0.8490 0.9200 0.9123 0.0098
0.9267 0.9659 0.9887 0.8490 0.9200 0.9123 0.0098
0.9267 0.9659 0.9887 0.8490 0.9200 0.9123 0.0098
D31
0.8348 0.8867 0.9838 0.6245 0.7719 0.7605 0.0112
0.8419 0.8917 0.9845 0.6382 0.7823 0.7712 0.0108
0.8419 0.8915 0.9845 0.6382 0.7823 0.7712 0.0108
0.8416 0.8913 0.9845 0.6375 0.7817 0.7707 0.0109
0.8423 0.8921 0.9846 0.6390 0.7828 0.7718 0.0108
0.8419 0.8917 0.9845 0.6382 0.7823 0.7712 0.0108
0.8381 0.8896 0.9841 0.6309 0.7768 0.7655 0.0111
0.8416 0.8912 0.9845 0.6375 0.7817 0.7707 0.0109
0.8423 0.8919 0.9846 0.6390 0.7828 0.7718 0.0108
0.8419 0.8917 0.9845 0.6382 0.7823 0.7712 0.0108
Aggregation
0.8515 0.8504 0.9431 0.7623 0.8654 0.8291 0.0228
0.8515 0.8504 0.9431 0.7623 0.8654 0.8291 0.0228
0.8515 0.8504 0.9431 0.7623 0.8654 0.8291 0.0228
0.8515 0.8504 0.9431 0.7623 0.8654 0.8291 0.0228
0.8515 0.8504 0.9431 0.7623 0.8654 0.8291 0.0228
0.8515 0.8504 0.9431 0.7623 0.8654 0.8291 0.0228
0.8515 0.8504 0.9431 0.7623 0.8654 0.8291 0.0228
0.8515 0.8504 0.9431 0.7623 0.8654 0.8291 0.0228
0.8515 0.8504 0.9431 0.7623 0.8654 0.8291 0.0228
0.8515 0.8504 0.9431 0.7623 0.8654 0.8291 0.0228
flame
0.9667 0.8152 0.9353 0.8845 0.9388 0.8702 0.0243
0.9667 0.8152 0.9353 0.8845 0.9388 0.8702 0.0243
0.9667 0.8152 0.9353 0.8845 0.9388 0.8702 0.0243
0.9667 0.8152 0.9353 0.8845 0.9388 0.8702 0.0243
0.9667 0.8152 0.9353 0.8845 0.9388 0.8702 0.0243
0.9667 0.8152 0.9353 0.8845 0.9388 0.8702 0.0243
0.9667 0.8152 0.9353 0.8845 0.9388 0.8702 0.0243
0.9667 0.8152 0.9353 0.8845 0.9388 0.8702 0.0243
0.9667 0.8152 0.9353 0.8845 0.9388 0.8702 0.0243
0.9667 0.8152 0.9353 0.8845 0.9388 0.8702 0.0243
Compound
0.9850 0.9667 0.9933 0.9733 0.9865 0.9820 0.0036
0.9850 0.9667 0.9933 0.9733 0.9865 0.9820 0.0036
0.9850 0.9667 0.9933 0.9733 0.9865 0.9820 0.0036
0.9850 0.9667 0.9933 0.9733 0.9865 0.9820 0.0036
0.9850 0.9667 0.9933 0.9733 0.9865 0.9820 0.0036
0.9850 0.9667 0.9933 0.9733 0.9865 0.9820 0.0036
0.9850 0.9667 0.9933 0.9733 0.9865 0.9820 0.0036
0.9850 0.9667 0.9933 0.9733 0.9865 0.9820 0.0036
0.9850 0.9667 0.9933 0.9733 0.9865 0.9820 0.0036
0.9850 0.9667 0.9933 0.9733 0.9865 0.9820 0.0036
pathbased
0.9567 0.8429 0.9420 0.8411 0.9137 0.8700 0.0319
0.9567 0.8429 0.9420 0.8411 0.9137 0.8700 0.0319
0.9567 0.8429 0.9420 0.8411 0.9137 0.8700 0.0319
0.9567 0.8429 0.9420 0.8411 0.9137 0.8700 0.0319
0.9567 0.8429 0.9420 0.8411 0.9137 0.8700 0.0319
0.9567 0.8429 0.9420 0.8411 0.9137 0.8700 0.0319
0.9567 0.8429 0.9420 0.8411 0.9137 0.8700 0.0319
0.9567 0.8429 0.9420 0.8411 0.9137 0.8700 0.0319
0.9567 0.8429 0.9420 0.8411 0.9137 0.8700 0.0319
0.9567 0.8429 0.9420 0.8411 0.9137 0.8700 0.0319
spiral
1.0000 1.0000 1.0000 1.0000 1.0000 1.0000 0.0000
1.0000 1.0000 1.0000 1.0000 1.0000 1.0000 0.0000
1.0000 1.0000 1.0000 1.0000 1.0000 1.0000 0.0000
1.0000 1.0000 1.0000 1.0000 1.0000 1.0000 0.0000
1.0000 1.0000 1.0000 1.0000 1.0000 1.0000 0.0000
1.0000 1.0000 1.0000 1.0000 1.0000 1.0000 0.0000
1.0000 1.0000 1.0000 1.0000 1.0000 1.0000 0.0000
1.0000 1.0000 1.0000 1.0000 1.0000 1.0000 0.0000
1.0000 1.0000 1.0000 1.0000 1.0000 1.0000 0.0000
1.0000 1.0000 1.0000 1.0000 1.0000 1.0000 0.0000
s1
0.2678 0.3019 0.4808 0.0715 0.2123 0.0171 0.4926
0.2678 0.3019 0.4808 0.0715 0.2123 0.0171 0.4926
0.2678 0.3019 0.4808 0.0715 0.2123 0.0171 0.4926
0.2678 0.3019 0.4808 0.0715 0.2123 0.0171 0.4926
0.2650 0.3014 0.4809 0.0714 0.2119 0.0168 0.4924
0.2678 0.3019 0.4808 0.0715 0.2123 0.0171 0.4926
0.2678 0.3019 0.4808 0.0715 0.2123 0.0171 0.4926
0.2678 0.3019 0.4808 0.0715 0.2123 0.0171 0.4926
0.2678 0.3019 0.4808 0.0715 0.2123 0.0171 0.4926
0.2678 0.3019 0.4808 0.0715 0.2123 0.0171 0.4926
iris
0.7133 0.6076 0.7807 0.5255 0.6905 0.5207 0.1333
0.7133 0.6076 0.7807 0.5255 0.6905 0.5207 0.1333
0.7133 0.6076 0.7807 0.5255 0.6905 0.5207 0.1333
0.7133 0.6076 0.7807 0.5255 0.6905 0.5207 0.1333
0.7133 0.6076 0.7807 0.5255 0.6905 0.5207 0.1333
0.7133 0.6076 0.7807 0.5255 0.6905 0.5207 0.1333
0.7133 0.6076 0.7807 0.5255 0.6905 0.5207 0.1333
0.7133 0.6076 0.7807 0.5255 0.6905 0.5207 0.1333
0.7133 0.6076 0.7807 0.5255 0.6905 0.5207 0.1333
0.7133 0.6076 0.7807 0.5255 0.6905 0.5207 0.1333
ionosphere
0.6467 0.0387 0.5418 0.5384 0.7325 0.0090 0.4542
0.6467 0.0387 0.5418 0.5384 0.7325 0.0090 0.4542
0.6467 0.0387 0.5418 0.5384 0.7325 0.0090 0.4542
0.6467 0.0387 0.5418 0.5384 0.7325 0.0090 0.4542
0.6467 0.0387 0.5418 0.5384 0.7325 0.0090 0.4542
0.6467 0.0387 0.5418 0.5384 0.7325 0.0090 0.4542
0.6467 0.0387 0.5418 0.5384 0.7325 0.0090 0.4542
0.6467 0.0387 0.5418 0.5384 0.7325 0.0090 0.4542
0.6467 0.0387 0.5418 0.5384 0.7325 0.0090 0.4542
0.6467 0.0387 0.5418 0.5384 0.7325 0.0090 0.4542
wine
0.4326 0.0914 0.3628 0.3325 0.5650 0.0054 0.6167
0.4326 0.0914 0.3628 0.3325 0.5650 0.0054 0.6167
0.4326 0.0914 0.3628 0.3325 0.5650 0.0054 0.6167
0.4326 0.0914 0.3628 0.3325 0.5650 0.0054 0.6167
0.4326 0.0914 0.3628 0.3325 0.5650 0.0054 0.6167
0.4326 0.0914 0.3628 0.3325 0.5650 0.0054 0.6167
0.4326 0.0914 0.3628 0.3325 0.5650 0.0054 0.6167
0.4326 0.0914 0.3628 0.3325 0.5650 0.0054 0.6167
0.4326 0.0914 0.3628 0.3325 0.5650 0.0054 0.6167
0.4326 0.0914 0.3628 0.3325 0.5650 0.0054 0.6167
diabetes
0.6510 0.0000 0.5443 0.5426 0.7353 -0.0002 0.4515
0.6510 0.0000 0.5443 0.5426 0.7353 -0.0002 0.4515
0.6510 0.0000 0.5443 0.5426 0.7353 -0.0002 0.4515
0.6510 0.0000 0.5443 0.5426 0.7353 -0.0002 0.4515
0.6510 0.0000 0.5443 0.5426 0.7353 -0.0002 0.4515
0.6510 0.0000 0.5443 0.5426 0.7353 -0.0002 0.4515
0.6510 0.0000 0.5443 0.5426 0.7353 -0.0002 0.4515
0.6510 0.0000 0.5443 0.5426 0.7353 -0.0002 0.4515
0.6510 0.0000 0.5443 0.5426 0.7353 -0.0002 0.4515
0.6510 0.0000 0.5443 0.5426 0.7353 -0.0002 0.4515
segmentation
0.2952 0.3939 0.4004 0.1753 0.4044 0.0858 0.5883
0.2952 0.3939 0.4004 0.1753 0.4044 0.0858 0.5883
0.2952 0.3939 0.4004 0.1753 0.4044 0.0858 0.5883
0.2952 0.3939 0.4004 0.1753 0.4044 0.0858 0.5883
0.2952 0.3939 0.4004 0.1753 0.4044 0.0858 0.5883
0.2952 0.3939 0.4004 0.1753 0.4044 0.0858 0.5883
0.2952 0.3939 0.4004 0.1753 0.4044 0.0858 0.5883
0.2952 0.3939 0.4004 0.1753 0.4044 0.0858 0.5883
0.2952 0.3939 0.4004 0.1753 0.4044 0.0858 0.5883
0.2952 0.3939 0.4004 0.1753 0.4044 0.0858 0.5883
glass
0.4720 0.3649 0.5739 0.3433 0.5587 0.2304 0.3891
0.4720 0.3649 0.5739 0.3433 0.5587 0.2304 0.3891
0.4720 0.3649 0.5739 0.3433 0.5587 0.2304 0.3891
0.4720 0.3649 0.5739 0.3433 0.5587 0.2304 0.3891
0.4720 0.3649 0.5739 0.3433 0.5587 0.2304 0.3891
0.4720 0.3649 0.5739 0.3433 0.5587 0.2304 0.3891
0.4720 0.3649 0.5739 0.3433 0.5587 0.2304 0.3891
0.4720 0.3649 0.5739 0.3433 0.5587 0.2304 0.3891
0.4720 0.3649 0.5739 0.3433 0.5587 0.2304 0.3891
0.4720 0.3649 0.5739 0.3433 0.5587 0.2304 0.3891
wdbc
0.6591 0.1055 0.5498 0.5312 0.7220 0.0467 0.4286
0.6591 0.1055 0.5498 0.5312 0.7220 0.0467 0.4286
0.6591 0.1055 0.5498 0.5312 0.7220 0.0467 0.4286
0.6591 0.1055 0.5498 0.5312 0.7220 0.0467 0.4286
0.6591 0.1055 0.5498 0.5312 0.7220 0.0467 0.4286
0.6591 0.1055 0.5498 0.5312 0.7220 0.0467 0.4286
0.6591 0.1055 0.5498 0.5312 0.7220 0.0467 0.4286
0.6591 0.1055 0.5498 0.5312 0.7220 0.0467 0.4286
0.6591 0.1055 0.5498 0.5312 0.7220 0.0467 0.4286
0.6591 0.1055 0.5498 0.5312 0.7220 0.0467 0.4286
wpbc
0.7629 0.0118 0.6056 0.5686 0.7296 0.0581 0.2780
0.7629 0.0118 0.6056 0.5686 0.7296 0.0581 0.2780
0.7629 0.0118 0.6056 0.5686 0.7296 0.0581 0.2780
0.7629 0.0118 0.6056 0.5686 0.7296 0.0581 0.2780
0.7629 0.0118 0.6056 0.5686 0.7296 0.0581 0.2780
0.7629 0.0118 0.6056 0.5686 0.7296 0.0581 0.2780
0.7629 0.0118 0.6056 0.5686 0.7296 0.0581 0.2780
0.7629 0.0118 0.6056 0.5686 0.7296 0.0581 0.2780
0.7629 0.0118 0.6056 0.5686 0.7296 0.0581 0.2780
0.7629 0.0118 0.6056 0.5686 0.7296 0.0581 0.2780
