iris
0.9133 0.7673 0.8988 0.7336 0.8463 0.7709 0.0510
0.9133 0.7673 0.8988 0.7336 0.8463 0.7709 0.0510
0.9133 0.7673 0.8988 0.7336 0.8463 0.7709 0.0510
0.9133 0.7673 0.8988 0.7336 0.8463 0.7709 0.0510
0.9133 0.7673 0.8988 0.7336 0.8463 0.7709 0.0510
0.9133 0.7673 0.8988 0.7336 0.8463 0.7709 0.0510
0.9133 0.7673 0.8988 0.7336 0.8463 0.7709 0.0510
0.9133 0.7673 0.8988 0.7336 0.8463 0.7709 0.0510
0.9133 0.7673 0.8988 0.7336 0.8463 0.7709 0.0510
0.9133 0.7673 0.8988 0.7336 0.8463 0.7709 0.0510
ionosphere
0.6980 0.1111 0.5772 0.4232 0.5950 0.1538 0.1945
0.7009 0.1156 0.5795 0.4252 0.5970 0.1584 0.1931
0.6980 0.1111 0.5772 0.4232 0.5950 0.1538 0.1945
0.7009 0.1156 0.5795 0.4252 0.5970 0.1584 0.1931
0.6980 0.1111 0.5772 0.4232 0.5950 0.1538 0.1945
0.7009 0.1156 0.5795 0.4252 0.5970 0.1584 0.1931
0.7009 0.1156 0.5795 0.4252 0.5970 0.1584 0.1931
0.7009 0.1156 0.5795 0.4252 0.5970 0.1584 0.1931
0.6980 0.1111 0.5772 0.4232 0.5950 0.1538 0.1945
0.7009 0.1156 0.5795 0.4252 0.5970 0.1584 0.1931
wine
0.7247 0.4375 0.7302 0.4269 0.5984 0.3953 0.1328
0.7247 0.4375 0.7302 0.4269 0.5984 0.3953 0.1328
0.7247 0.4375 0.7302 0.4269 0.5984 0.3953 0.1328
0.7247 0.4375 0.7302 0.4269 0.5984 0.3953 0.1328
0.7247 0.4375 0.7302 0.4269 0.5984 0.3953 0.1328
0.7247 0.4375 0.7302 0.4269 0.5984 0.3953 0.1328
0.7247 0.4375 0.7302 0.4269 0.5984 0.3953 0.1328
0.7247 0.4375 0.7302 0.4269 0.5984 0.3953 0.1328
0.7247 0.4375 0.7302 0.4269 0.5984 0.3953 0.1328
0.7247 0.4375 0.7302 0.4269 0.5984 0.3953 0.1328
diabetes
0.6510 0.0003 0.4994 0.3521 0.5213 -0.0011 0.2276
0.6510 0.0003 0.4994 0.3521 0.5213 -0.0011 0.2276
0.6510 0.0003 0.4994 0.3521 0.5213 -0.0011 0.2276
0.6510 0.0003 0.4994 0.3521 0.5213 -0.0011 0.2276
0.6510 0.0003 0.4994 0.3521 0.5213 -0.0011 0.2276
0.6510 0.0003 0.4994 0.3521 0.5213 -0.0011 0.2276
0.6510 0.0003 0.4994 0.3521 0.5213 -0.0011 0.2276
0.6510 0.0003 0.4994 0.3521 0.5213 -0.0011 0.2276
0.6510 0.0003 0.4994 0.3521 0.5213 -0.0011 0.2276
0.6510 0.0003 0.4994 0.3521 0.5213 -0.0011 0.2276
segmentation
0.7476 0.7069 0.8857 0.4581 0.6313 0.5616 0.0721
0.7429 0.6932 0.8859 0.4444 0.6166 0.5487 0.0665
0.7476 0.7040 0.8854 0.4553 0.6284 0.5587 0.0715
0.7476 0.7069 0.8857 0.4581 0.6313 0.5616 0.0721
0.7381 0.6943 0.8824 0.4469 0.6208 0.5491 0.0738
0.7381 0.6856 0.8805 0.4401 0.6141 0.5414 0.0746
0.7381 0.6934 0.8838 0.4431 0.6160 0.5462 0.0699
0.7476 0.7040 0.8854 0.4553 0.6284 0.5587 0.0715
0.7381 0.6856 0.8805 0.4401 0.6141 0.5414 0.0746
0.7476 0.7069 0.8857 0.4581 0.6313 0.5616 0.0721
glass
0.6262 0.3732 0.7235 0.2640 0.4195 0.2385 0.1159
0.6262 0.3761 0.7237 0.2661 0.4221 0.2409 0.1168
0.6308 0.3695 0.7220 0.2651 0.4207 0.2382 0.1185
0.6262 0.3696 0.7238 0.2611 0.4163 0.2359 0.1139
0.6308 0.3728 0.7255 0.2645 0.4205 0.2410 0.1135
0.6308 0.3728 0.7255 0.2645 0.4205 0.2410 0.1135
0.6308 0.3695 0.7220 0.2651 0.4207 0.2382 0.1185
0.6308 0.3695 0.7220 0.2651 0.4207 0.2382 0.1185
0.6308 0.3732 0.7258 0.2647 0.4208 0.2417 0.1131
0.6215 0.3667 0.7213 0.2581 0.4124 0.2303 0.1158
wdbc
0.9121 0.5754 0.8394 0.7454 0.8546 0.6760 0.0991
0.9121 0.5754 0.8394 0.7454 0.8546 0.6760 0.0991
0.9121 0.5754 0.8394 0.7454 0.8546 0.6760 0.0991
0.9121 0.5754 0.8394 0.7454 0.8546 0.6760 0.0991
0.9121 0.5754 0.8394 0.7454 0.8546 0.6760 0.0991
0.9121 0.5754 0.8394 0.7454 0.8546 0.6760 0.0991
0.9121 0.5754 0.8394 0.7454 0.8546 0.6760 0.0991
0.9121 0.5754 0.8394 0.7454 0.8546 0.6760 0.0991
0.9121 0.5754 0.8394 0.7454 0.8546 0.6760 0.0991
0.9121 0.5754 0.8394 0.7454 0.8546 0.6760 0.0991
wpbc
0.7629 0.0097 0.5210 0.4565 0.6269 -0.0419 0.2451
0.7629 0.0097 0.5210 0.4565 0.6269 -0.0419 0.2451
0.7629 0.0097 0.5210 0.4565 0.6269 -0.0419 0.2451
0.7629 0.0097 0.5210 0.4565 0.6269 -0.0419 0.2451
0.7629 0.0097 0.5210 0.4565 0.6269 -0.0419 0.2451
0.7629 0.0097 0.5210 0.4565 0.6269 -0.0419 0.2451
0.7629 0.0097 0.5210 0.4565 0.6269 -0.0419 0.2451
0.7629 0.0097 0.5210 0.4565 0.6269 -0.0419 0.2451
0.7629 0.0097 0.5210 0.4565 0.6269 -0.0419 0.2451
0.7629 0.0097 0.5210 0.4565 0.6269 -0.0419 0.2451
