jain
0.7399 0.3072 0.5875 0.4608 0.6340 0.1736 0.1510
0.7399 0.3072 0.5875 0.4608 0.6340 0.1736 0.1510
0.7399 0.3289 0.6065 0.4781 0.6503 0.2129 0.1398
0.7399 0.3072 0.5875 0.4608 0.6340 0.1736 0.1510
0.7399 0.3289 0.6065 0.4781 0.6503 0.2129 0.1398
0.7399 0.3289 0.6065 0.4781 0.6503 0.2129 0.1398
0.7399 0.3072 0.5875 0.4608 0.6340 0.1736 0.1510
0.7399 0.3289 0.6065 0.4781 0.6503 0.2129 0.1398
0.7399 0.3072 0.5875 0.4608 0.6340 0.1736 0.1510
0.7399 0.3072 0.5875 0.4608 0.6340 0.1736 0.1510
R15
0.8467 0.9079 0.9724 0.6700 0.8043 0.7877 0.0185
0.8600 0.9263 0.9756 0.7065 0.8308 0.8150 0.0179
0.8500 0.9121 0.9736 0.6833 0.8140 0.7977 0.0183
0.8600 0.9190 0.9741 0.6885 0.8176 0.8017 0.0180
0.7933 0.8998 0.9653 0.6252 0.7765 0.7510 0.0275
0.8450 0.9027 0.9716 0.6620 0.7985 0.7815 0.0189
0.8483 0.9118 0.9737 0.6847 0.8151 0.7988 0.0184
0.8583 0.9179 0.9745 0.6944 0.8222 0.8060 0.0183
0.8550 0.9149 0.9741 0.6887 0.8179 0.8018 0.0181
0.8500 0.9120 0.9731 0.6781 0.8102 0.7938 0.0183
D31
0.9016 0.9291 0.9905 0.7510 0.8585 0.8529 0.0061
0.9284 0.9344 0.9921 0.7835 0.8788 0.8745 0.0045
0.9029 0.9274 0.9903 0.7462 0.8553 0.8497 0.0061
0.8723 0.9187 0.9884 0.7088 0.8311 0.8236 0.0078
0.9277 0.9350 0.9922 0.7860 0.8803 0.8762 0.0045
0.8984 0.9257 0.9902 0.7426 0.8529 0.8472 0.0062
0.9023 0.9264 0.9903 0.7443 0.8540 0.8484 0.0061
0.8948 0.9219 0.9897 0.7310 0.8452 0.8392 0.0065
0.9010 0.9285 0.9905 0.7518 0.8591 0.8534 0.0062
0.8742 0.9176 0.9883 0.7066 0.8295 0.8221 0.0078
Aggregation
0.8845 0.8412 0.9258 0.6794 0.8144 0.7638 0.0150
0.8845 0.8412 0.9258 0.6794 0.8144 0.7638 0.0150
0.8845 0.8412 0.9258 0.6794 0.8144 0.7638 0.0150
0.8845 0.8412 0.9258 0.6794 0.8144 0.7638 0.0150
0.8845 0.8412 0.9258 0.6794 0.8144 0.7638 0.0150
0.8845 0.8412 0.9258 0.6794 0.8144 0.7638 0.0150
0.8845 0.8412 0.9258 0.6794 0.8144 0.7638 0.0150
0.8845 0.8412 0.9258 0.6794 0.8144 0.7638 0.0150
0.8845 0.8412 0.9258 0.6794 0.8144 0.7638 0.0150
0.8845 0.8412 0.9258 0.6794 0.8144 0.7638 0.0150
flame
0.8875 0.5204 0.7995 0.6769 0.8077 0.5987 0.0847
0.8833 0.5109 0.7930 0.6680 0.8013 0.5858 0.0874
0.8833 0.5109 0.7930 0.6680 0.8013 0.5858 0.0874
0.8833 0.5109 0.7930 0.6680 0.8013 0.5858 0.0874
0.8875 0.5204 0.7995 0.6769 0.8077 0.5987 0.0847
0.8875 0.5204 0.7995 0.6769 0.8077 0.5987 0.0847
0.8833 0.5109 0.7930 0.6680 0.8013 0.5858 0.0874
0.8875 0.5204 0.7995 0.6769 0.8077 0.5987 0.0847
0.8833 0.5109 0.7930 0.6680 0.8013 0.5858 0.0874
0.8833 0.5109 0.7930 0.6680 0.8013 0.5858 0.0874
Compound
0.8722 0.7433 0.8575 0.5235 0.6898 0.5959 0.0518
0.8722 0.7433 0.8575 0.5235 0.6898 0.5959 0.0518
0.8722 0.7433 0.8575 0.5235 0.6898 0.5959 0.0518
0.8722 0.7433 0.8575 0.5235 0.6898 0.5959 0.0518
0.8722 0.7433 0.8575 0.5235 0.6898 0.5959 0.0518
0.8722 0.7433 0.8575 0.5235 0.6898 0.5959 0.0518
0.8722 0.7433 0.8575 0.5235 0.6898 0.5959 0.0518
0.8722 0.7433 0.8575 0.5235 0.6898 0.5959 0.0518
0.8722 0.7433 0.8575 0.5235 0.6898 0.5959 0.0518
0.8722 0.7433 0.8575 0.5235 0.6898 0.5959 0.0518
pathbased
0.7400 0.5445 0.7457 0.4891 0.6604 0.4582 0.1649
0.7400 0.5445 0.7457 0.4891 0.6604 0.4582 0.1649
0.7400 0.5445 0.7457 0.4891 0.6604 0.4582 0.1649
0.7400 0.5445 0.7457 0.4891 0.6604 0.4582 0.1649
0.7400 0.5445 0.7457 0.4891 0.6604 0.4582 0.1649
0.7400 0.5445 0.7457 0.4891 0.6604 0.4582 0.1649
0.7400 0.5445 0.7457 0.4891 0.6604 0.4582 0.1649
0.7400 0.5445 0.7457 0.4891 0.6604 0.4582 0.1649
0.7400 0.5445 0.7457 0.4891 0.6604 0.4582 0.1649
0.7400 0.5445 0.7457 0.4891 0.6604 0.4582 0.1649
spiral
0.3558 0.0011 0.5542 0.1965 0.3284 -0.0052 0.2235
0.3558 0.0011 0.5542 0.1965 0.3284 -0.0052 0.2235
0.3494 0.0010 0.5542 0.1964 0.3284 -0.0053 0.2235
0.3558 0.0015 0.5544 0.1968 0.3288 -0.0047 0.2234
0.3558 0.0011 0.5542 0.1965 0.3284 -0.0052 0.2235
0.3462 0.0011 0.5541 0.1966 0.3286 -0.0052 0.2236
0.3558 0.0011 0.5542 0.1965 0.3284 -0.0052 0.2235
0.3590 0.0017 0.5545 0.1969 0.3290 -0.0045 0.2235
0.3558 0.0011 0.5542 0.1965 0.3284 -0.0052 0.2235
0.3462 0.0011 0.5541 0.1966 0.3286 -0.0052 0.2236
s1
0.2744 0.2883 0.5670 0.0710 0.1950 0.0194 0.3995
0.2744 0.2883 0.5670 0.0710 0.1950 0.0194 0.3995
0.2744 0.2883 0.5670 0.0710 0.1950 0.0194 0.3995
0.2744 0.2872 0.5671 0.0710 0.1950 0.0194 0.3994
0.2756 0.2839 0.5657 0.0711 0.1955 0.0195 0.4009
0.2744 0.2883 0.5670 0.0710 0.1950 0.0194 0.3995
0.2744 0.2883 0.5670 0.0710 0.1950 0.0194 0.3995
0.2742 0.2879 0.5667 0.0710 0.1949 0.0193 0.3998
0.2744 0.2872 0.5671 0.0710 0.1950 0.0194 0.3994
0.2744 0.2872 0.5671 0.0710 0.1950 0.0194 0.3994
iris
0.8867 0.7508 0.8737 0.6840 0.8125 0.7173 0.0707
0.8933 0.7582 0.8797 0.6959 0.8208 0.7302 0.0666
0.8933 0.7582 0.8797 0.6959 0.8208 0.7302 0.0666
0.8933 0.7582 0.8797 0.6959 0.8208 0.7302 0.0666
0.8933 0.7582 0.8797 0.6959 0.8208 0.7302 0.0666
0.8867 0.7508 0.8737 0.6840 0.8125 0.7173 0.0707
0.8867 0.7508 0.8737 0.6840 0.8125 0.7173 0.0707
0.8867 0.7508 0.8737 0.6840 0.8125 0.7173 0.0707
0.8867 0.7508 0.8737 0.6840 0.8125 0.7173 0.0707
0.8933 0.7582 0.8797 0.6959 0.8208 0.7302 0.0666
ionosphere
0.6952 0.1067 0.5750 0.4213 0.5931 0.1492 0.1960
0.6952 0.1067 0.5750 0.4213 0.5931 0.1492 0.1960
0.6952 0.1067 0.5750 0.4213 0.5931 0.1492 0.1960
0.6952 0.1067 0.5750 0.4213 0.5931 0.1492 0.1960
0.6952 0.1067 0.5750 0.4213 0.5931 0.1492 0.1960
0.6952 0.1067 0.5750 0.4213 0.5931 0.1492 0.1960
0.6952 0.1067 0.5750 0.4213 0.5931 0.1492 0.1960
0.6952 0.1067 0.5750 0.4213 0.5931 0.1492 0.1960
0.6952 0.1067 0.5750 0.4213 0.5931 0.1492 0.1960
0.6952 0.1067 0.5750 0.4213 0.5931 0.1492 0.1960
wine
0.7079 0.4179 0.7175 0.4091 0.5806 0.3676 0.1402
0.7079 0.4179 0.7175 0.4091 0.5806 0.3676 0.1402
0.7079 0.4179 0.7175 0.4091 0.5806 0.3676 0.1402
0.7079 0.4179 0.7175 0.4091 0.5806 0.3676 0.1402
0.7079 0.4179 0.7175 0.4091 0.5806 0.3676 0.1402
0.7079 0.4179 0.7175 0.4091 0.5806 0.3676 0.1402
0.7079 0.4179 0.7175 0.4091 0.5806 0.3676 0.1402
0.7079 0.4179 0.7175 0.4091 0.5806 0.3676 0.1402
0.7079 0.4179 0.7175 0.4091 0.5806 0.3676 0.1402
0.7079 0.4179 0.7175 0.4091 0.5806 0.3676 0.1402
diabetes
0.6510 0.0004 0.4994 0.3522 0.5214 -0.0011 0.2276
0.6510 0.0004 0.4994 0.3522 0.5214 -0.0011 0.2276
0.6510 0.0004 0.4994 0.3522 0.5214 -0.0011 0.2276
0.6510 0.0004 0.4994 0.3522 0.5214 -0.0011 0.2276
0.6510 0.0004 0.4994 0.3522 0.5214 -0.0011 0.2276
0.6510 0.0004 0.4994 0.3522 0.5214 -0.0011 0.2276
0.6510 0.0004 0.4994 0.3522 0.5214 -0.0011 0.2276
0.6510 0.0004 0.4994 0.3522 0.5214 -0.0011 0.2276
0.6510 0.0004 0.4994 0.3522 0.5214 -0.0011 0.2276
0.6510 0.0004 0.4994 0.3522 0.5214 -0.0011 0.2276
segmentation
0.6476 0.6247 0.8493 0.3536 0.5263 0.4345 0.0944
0.6429 0.6219 0.8488 0.3506 0.5228 0.4309 0.0941
0.6429 0.6219 0.8488 0.3506 0.5228 0.4309 0.0941
0.6619 0.6484 0.8507 0.3699 0.5458 0.4531 0.0982
0.6429 0.6262 0.8490 0.3570 0.5306 0.4381 0.0961
0.6429 0.6219 0.8488 0.3506 0.5228 0.4309 0.0941
0.6429 0.6219 0.8488 0.3506 0.5228 0.4309 0.0941
0.6429 0.6219 0.8488 0.3506 0.5228 0.4309 0.0941
0.6476 0.6247 0.8493 0.3536 0.5263 0.4345 0.0944
0.6429 0.6262 0.8490 0.3570 0.5306 0.4381 0.0961
glass
0.4766 0.3084 0.5305 0.3191 0.5355 0.1791 0.4297
0.4766 0.3186 0.5311 0.3220 0.5400 0.1834 0.4317
0.4766 0.3186 0.5311 0.3220 0.5400 0.1834 0.4317
0.4766 0.3084 0.5305 0.3191 0.5355 0.1791 0.4297
0.4766 0.3186 0.5311 0.3220 0.5400 0.1834 0.4317
0.4766 0.3186 0.5311 0.3220 0.5400 0.1834 0.4317
0.4766 0.3186 0.5311 0.3220 0.5400 0.1834 0.4317
0.4766 0.3186 0.5311 0.3220 0.5400 0.1834 0.4317
0.4766 0.3186 0.5311 0.3220 0.5400 0.1834 0.4317
0.4766 0.3186 0.5311 0.3220 0.5400 0.1834 0.4317
wdbc
0.8207 0.4056 0.7052 0.5557 0.7148 0.4104 0.1319
0.8207 0.4056 0.7052 0.5557 0.7148 0.4104 0.1319
0.8207 0.4056 0.7052 0.5557 0.7148 0.4104 0.1319
0.8207 0.4056 0.7052 0.5557 0.7148 0.4104 0.1319
0.8207 0.4056 0.7052 0.5557 0.7148 0.4104 0.1319
0.8207 0.4056 0.7052 0.5557 0.7148 0.4104 0.1319
0.8207 0.4056 0.7052 0.5557 0.7148 0.4104 0.1319
0.8207 0.4056 0.7052 0.5557 0.7148 0.4104 0.1319
0.8207 0.4056 0.7052 0.5557 0.7148 0.4104 0.1319
0.8207 0.4056 0.7052 0.5557 0.7148 0.4104 0.1319
wpbc
0.7629 0.0099 0.5282 0.4714 0.6411 -0.0445 0.2563
0.7629 0.0099 0.5282 0.4714 0.6411 -0.0445 0.2563
0.7629 0.0099 0.5282 0.4714 0.6411 -0.0445 0.2563
0.7629 0.0099 0.5282 0.4714 0.6411 -0.0445 0.2563
0.7629 0.0099 0.5282 0.4714 0.6411 -0.0445 0.2563
0.7629 0.0099 0.5282 0.4714 0.6411 -0.0445 0.2563
0.7629 0.0099 0.5282 0.4714 0.6411 -0.0445 0.2563
0.7629 0.0099 0.5282 0.4714 0.6411 -0.0445 0.2563
0.7629 0.0099 0.5282 0.4714 0.6411 -0.0445 0.2563
0.7629 0.0099 0.5282 0.4714 0.6411 -0.0445 0.2563
