jain
0.7399 0.3159
0.0000 0.0112
R15
0.8467 0.9124
0.0195 0.0078
D31
0.9004 0.9265
0.0184 0.0059
Aggregation
0.8845 0.8412
0.0000 0.0000
flame
0.8850 0.5147
0.0022 0.0049
Compound
0.8722 0.7433
0.0000 0.0000
pathbased
0.7400 0.5445
0.0000 0.0000
spiral
0.3535 0.0012
0.0045 0.0002
s1
0.2745 0.2875
0.0004 0.0013
iris
0.8900 0.7545
0.0035 0.0039
ionosphere
0.6952 0.1067
0.0000 0.0000
wine
0.7079 0.4179
0.0000 0.0000
diabetes
0.6510 0.0004
0.0000 0.0000
segmentation
0.6457 0.6260
0.0060 0.0081
glass
0.4766 0.3166
0.0000 0.0043
wdbc
0.8207 0.4056
0.0000 0.0000
wpbc
0.7629 0.0099
0.0000 0.0000
