jain
0.7399 0.2216 0.5223 0.4162 0.5888 0.0247 0.2041
0.7399 0.2216 0.5223 0.4162 0.5888 0.0247 0.2041
0.7399 0.2216 0.5223 0.4162 0.5888 0.0247 0.2041
0.7399 0.2216 0.5223 0.4162 0.5888 0.0247 0.2041
0.7399 0.2216 0.5223 0.4162 0.5888 0.0247 0.2041
0.7399 0.2216 0.5223 0.4162 0.5888 0.0247 0.2041
0.7399 0.2216 0.5223 0.4162 0.5888 0.0247 0.2041
0.7399 0.2216 0.5223 0.4162 0.5888 0.0247 0.2041
0.7399 0.2216 0.5223 0.4162 0.5888 0.0247 0.2041
0.7399 0.2216 0.5223 0.4162 0.5888 0.0247 0.2041
R15
0.9950 0.9913 0.9987 0.9799 0.9898 0.9891 0.0007
0.9950 0.9913 0.9987 0.9799 0.9898 0.9891 0.0007
0.9950 0.9913 0.9987 0.9799 0.9898 0.9891 0.0007
0.9950 0.9913 0.9987 0.9799 0.9898 0.9891 0.0007
0.9950 0.9913 0.9987 0.9799 0.9898 0.9891 0.0007
0.9950 0.9913 0.9987 0.9799 0.9898 0.9891 0.0007
0.9950 0.9913 0.9987 0.9799 0.9898 0.9891 0.0007
0.9967 0.9942 0.9991 0.9866 0.9932 0.9928 0.0004
0.9967 0.9942 0.9991 0.9866 0.9932 0.9928 0.0004
0.9967 0.9942 0.9991 0.9866 0.9932 0.9928 0.0004
D31
0.9716 0.9608 0.9965 0.8948 0.9445 0.9426 0.0018
0.9716 0.9608 0.9965 0.8948 0.9445 0.9426 0.0018
0.9716 0.9608 0.9965 0.8948 0.9445 0.9426 0.0018
0.9719 0.9614 0.9965 0.8959 0.9451 0.9433 0.0018
0.9716 0.9608 0.9965 0.8948 0.9445 0.9426 0.0018
0.9719 0.9614 0.9965 0.8959 0.9451 0.9433 0.0018
0.9716 0.9608 0.9965 0.8948 0.9445 0.9426 0.0018
0.9719 0.9614 0.9965 0.8959 0.9451 0.9433 0.0018
0.9716 0.9608 0.9965 0.8948 0.9445 0.9426 0.0018
0.9716 0.9608 0.9965 0.8948 0.9445 0.9426 0.0018
Aggregation
0.9607 0.9284 0.9720 0.8729 0.9332 0.9145 0.0041
0.9594 0.9244 0.9713 0.8698 0.9315 0.9123 0.0042
0.9607 0.9284 0.9720 0.8729 0.9332 0.9145 0.0041
0.9607 0.9284 0.9720 0.8729 0.9332 0.9145 0.0041
0.9594 0.9244 0.9713 0.8698 0.9315 0.9123 0.0042
0.9607 0.9284 0.9720 0.8729 0.9332 0.9145 0.0041
0.9607 0.9284 0.9720 0.8729 0.9332 0.9145 0.0041
0.9594 0.9244 0.9713 0.8698 0.9315 0.9123 0.0042
0.9594 0.9244 0.9713 0.8698 0.9315 0.9123 0.0042
0.9607 0.9284 0.9720 0.8729 0.9332 0.9145 0.0041
flame
0.9917 0.9269 0.9834 0.9695 0.9845 0.9666 0.0083
0.9917 0.9269 0.9834 0.9695 0.9845 0.9666 0.0083
0.9917 0.9269 0.9834 0.9695 0.9845 0.9666 0.0083
0.9917 0.9269 0.9834 0.9695 0.9845 0.9666 0.0083
0.9917 0.9269 0.9834 0.9695 0.9845 0.9666 0.0083
0.9917 0.9269 0.9834 0.9695 0.9845 0.9666 0.0083
0.9917 0.9269 0.9834 0.9695 0.9845 0.9666 0.0083
0.9917 0.9269 0.9834 0.9695 0.9845 0.9666 0.0083
0.9917 0.9269 0.9834 0.9695 0.9845 0.9666 0.0083
0.9917 0.9269 0.9834 0.9695 0.9845 0.9666 0.0083
Compound
0.8321 0.7575 0.8302 0.4578 0.6302 0.5190 0.0661
0.8321 0.7575 0.8302 0.4578 0.6302 0.5190 0.0661
0.8321 0.7575 0.8302 0.4578 0.6302 0.5190 0.0661
0.8321 0.7575 0.8302 0.4578 0.6302 0.5190 0.0661
0.8321 0.7575 0.8302 0.4578 0.6302 0.5190 0.0661
0.8321 0.7575 0.8302 0.4578 0.6302 0.5190 0.0661
0.8321 0.7575 0.8302 0.4578 0.6302 0.5190 0.0661
0.8321 0.7575 0.8302 0.4578 0.6302 0.5190 0.0661
0.8321 0.7575 0.8302 0.4578 0.6302 0.5190 0.0661
0.8321 0.7575 0.8302 0.4578 0.6302 0.5190 0.0661
pathbased
0.9000 0.7969 0.8843 0.7071 0.8285 0.7411 0.0622
0.9000 0.7969 0.8843 0.7071 0.8285 0.7411 0.0622
0.9000 0.7969 0.8843 0.7071 0.8285 0.7411 0.0622
0.9000 0.7969 0.8843 0.7071 0.8285 0.7411 0.0622
0.9000 0.7969 0.8843 0.7071 0.8285 0.7411 0.0622
0.9000 0.7969 0.8843 0.7071 0.8285 0.7411 0.0622
0.9000 0.7969 0.8843 0.7071 0.8285 0.7411 0.0622
0.9000 0.7969 0.8843 0.7071 0.8285 0.7411 0.0622
0.9000 0.7969 0.8843 0.7071 0.8285 0.7411 0.0622
0.9000 0.7969 0.8843 0.7071 0.8285 0.7411 0.0622
spiral
0.9359 0.8061 0.9201 0.7858 0.8800 0.8202 0.0415
0.9359 0.8061 0.9201 0.7858 0.8800 0.8202 0.0415
0.9359 0.8061 0.9201 0.7858 0.8800 0.8202 0.0415
0.9359 0.8061 0.9201 0.7858 0.8800 0.8202 0.0415
0.9359 0.8061 0.9201 0.7858 0.8800 0.8202 0.0415
0.9359 0.8061 0.9201 0.7858 0.8800 0.8202 0.0415
0.9359 0.8061 0.9201 0.7858 0.8800 0.8202 0.0415
0.9359 0.8061 0.9201 0.7858 0.8800 0.8202 0.0415
0.9359 0.8061 0.9201 0.7858 0.8800 0.8202 0.0415
0.9359 0.8061 0.9201 0.7858 0.8800 0.8202 0.0415
s1
0.2546 0.2574 0.5858 0.0678 0.1828 0.0141 0.3777
0.2546 0.2574 0.5858 0.0678 0.1828 0.0141 0.3777
0.2546 0.2574 0.5858 0.0678 0.1828 0.0141 0.3777
0.2508 0.2519 0.5841 0.0680 0.1836 0.0144 0.3796
0.2546 0.2574 0.5858 0.0678 0.1828 0.0141 0.3777
0.2508 0.2519 0.5841 0.0680 0.1836 0.0144 0.3796
0.2546 0.2574 0.5858 0.0678 0.1828 0.0141 0.3777
0.2508 0.2519 0.5841 0.0680 0.1836 0.0144 0.3796
0.2546 0.2574 0.5858 0.0678 0.1828 0.0141 0.3777
0.2508 0.2519 0.5841 0.0680 0.1836 0.0144 0.3796
iris
0.9000 0.7777 0.8859 0.7100 0.8306 0.7445 0.0646
0.9000 0.7777 0.8859 0.7100 0.8306 0.7445 0.0646
0.9000 0.7777 0.8859 0.7100 0.8306 0.7445 0.0646
0.9000 0.7777 0.8859 0.7100 0.8306 0.7445 0.0646
0.9000 0.7777 0.8859 0.7100 0.8306 0.7445 0.0646
0.9000 0.7777 0.8859 0.7100 0.8306 0.7445 0.0646
0.9000 0.7777 0.8859 0.7100 0.8306 0.7445 0.0646
0.9000 0.7777 0.8859 0.7100 0.8306 0.7445 0.0646
0.9000 0.7777 0.8859 0.7100 0.8306 0.7445 0.0646
0.9000 0.7777 0.8859 0.7100 0.8306 0.7445 0.0646
ionosphere
0.6467 0.0445 0.5418 0.3984 0.5698 0.0797 0.2232
0.6467 0.0445 0.5418 0.3984 0.5698 0.0797 0.2232
0.6467 0.0445 0.5418 0.3984 0.5698 0.0797 0.2232
0.6467 0.0445 0.5418 0.3984 0.5698 0.0797 0.2232
0.6467 0.0445 0.5418 0.3984 0.5698 0.0797 0.2232
0.6467 0.0445 0.5418 0.3984 0.5698 0.0797 0.2232
0.6467 0.0445 0.5418 0.3984 0.5698 0.0797 0.2232
0.6467 0.0445 0.5418 0.3984 0.5698 0.0797 0.2232
0.6467 0.0445 0.5418 0.3984 0.5698 0.0797 0.2232
0.6467 0.0445 0.5418 0.3984 0.5698 0.0797 0.2232
wine
0.6348 0.3242 0.6434 0.3543 0.5257 0.2426 0.2142
0.5618 0.2271 0.6282 0.2986 0.4600 0.1766 0.1922
0.5618 0.2271 0.6282 0.2986 0.4600 0.1766 0.1922
0.6348 0.3242 0.6434 0.3543 0.5257 0.2426 0.2142
0.5618 0.2271 0.6282 0.2986 0.4600 0.1766 0.1922
0.6348 0.3242 0.6434 0.3543 0.5257 0.2426 0.2142
0.5618 0.2271 0.6282 0.2986 0.4600 0.1766 0.1922
0.6461 0.3416 0.6584 0.3652 0.5368 0.2678 0.2002
0.5618 0.2271 0.6282 0.2986 0.4600 0.1766 0.1922
0.5618 0.2271 0.6282 0.2986 0.4600 0.1766 0.1922
diabetes
0.6510 0.0008 0.5120 0.4001 0.5721 0.0071 0.2685
0.6510 0.0008 0.5120 0.4001 0.5721 0.0071 0.2685
0.6510 0.0008 0.5120 0.4001 0.5721 0.0071 0.2685
0.6510 0.0008 0.5120 0.4001 0.5721 0.0071 0.2685
0.6510 0.0008 0.5120 0.4001 0.5721 0.0071 0.2685
0.6510 0.0008 0.5120 0.4001 0.5721 0.0071 0.2685
0.6510 0.0008 0.5120 0.4001 0.5721 0.0071 0.2685
0.6510 0.0008 0.5120 0.4001 0.5721 0.0071 0.2685
0.6510 0.0008 0.5120 0.4001 0.5721 0.0071 0.2685
0.6510 0.0008 0.5120 0.4001 0.5721 0.0071 0.2685
segmentation
0.6333 0.6009 0.8604 0.3614 0.5321 0.4493 0.0799
0.6143 0.5458 0.8556 0.3350 0.5023 0.4177 0.0783
0.6143 0.5515 0.8575 0.3399 0.5077 0.4242 0.0771
0.6143 0.5502 0.8575 0.3384 0.5060 0.4226 0.0767
0.6143 0.5515 0.8575 0.3399 0.5077 0.4242 0.0771
0.6333 0.6009 0.8604 0.3614 0.5321 0.4493 0.0799
0.6143 0.5458 0.8556 0.3350 0.5023 0.4177 0.0783
0.6143 0.5502 0.8575 0.3384 0.5060 0.4226 0.0767
0.6143 0.5502 0.8575 0.3384 0.5060 0.4226 0.0767
0.6333 0.6009 0.8604 0.3614 0.5321 0.4493 0.0799
glass
0.5888 0.3290 0.7105 0.2082 0.3501 0.1661 0.1059
0.5888 0.3271 0.7118 0.2067 0.3487 0.1661 0.1035
0.5888 0.3283 0.7126 0.2075 0.3499 0.1679 0.1028
0.5888 0.3360 0.7184 0.2152 0.3608 0.1824 0.0991
0.5888 0.3360 0.7184 0.2152 0.3608 0.1824 0.0991
0.5888 0.3360 0.7184 0.2152 0.3608 0.1824 0.0991
0.5888 0.3271 0.7118 0.2067 0.3487 0.1661 0.1035
0.5888 0.3360 0.7184 0.2152 0.3608 0.1824 0.0991
0.5888 0.3271 0.7118 0.2067 0.3487 0.1661 0.1035
0.5888 0.3271 0.7118 0.2067 0.3487 0.1661 0.1035
wdbc
0.6274 0.0960 0.5189 0.3933 0.5650 0.0287 0.2614
0.6274 0.0960 0.5189 0.3933 0.5650 0.0287 0.2614
0.6274 0.0960 0.5189 0.3933 0.5650 0.0287 0.2614
0.6274 0.0960 0.5189 0.3933 0.5650 0.0287 0.2614
0.6274 0.0960 0.5189 0.3933 0.5650 0.0287 0.2614
0.6274 0.0960 0.5189 0.3933 0.5650 0.0287 0.2614
0.6274 0.0960 0.5189 0.3933 0.5650 0.0287 0.2614
0.6274 0.0960 0.5189 0.3933 0.5650 0.0287 0.2614
0.6274 0.0960 0.5189 0.3933 0.5650 0.0287 0.2614
0.6274 0.0960 0.5189 0.3933 0.5650 0.0287 0.2614
wpbc
0.7629 0.0046 0.5335 0.4758 0.6452 -0.0327 0.2536
0.7629 0.0046 0.5335 0.4758 0.6452 -0.0327 0.2536
0.7629 0.0046 0.5335 0.4758 0.6452 -0.0327 0.2536
0.7629 0.0046 0.5335 0.4758 0.6452 -0.0327 0.2536
0.7629 0.0046 0.5335 0.4758 0.6452 -0.0327 0.2536
0.7629 0.0046 0.5335 0.4758 0.6452 -0.0327 0.2536
0.7629 0.0046 0.5335 0.4758 0.6452 -0.0327 0.2536
0.7629 0.0046 0.5335 0.4758 0.6452 -0.0327 0.2536
0.7629 0.0046 0.5335 0.4758 0.6452 -0.0327 0.2536
0.7629 0.0046 0.5335 0.4758 0.6452 -0.0327 0.2536
