jain
0.7399 0.2315 0.5285 0.4188 0.5917 0.0408 0.1971
0.7399 0.2315 0.5285 0.4188 0.5917 0.0408 0.1971
0.7399 0.2275 0.5259 0.4176 0.5904 0.0343 0.1999
0.7399 0.2315 0.5285 0.4188 0.5917 0.0408 0.1971
0.7399 0.2315 0.5285 0.4188 0.5917 0.0408 0.1971
0.7399 0.2315 0.5285 0.4188 0.5917 0.0408 0.1971
0.7399 0.2275 0.5259 0.4176 0.5904 0.0343 0.1999
0.7399 0.2315 0.5285 0.4188 0.5917 0.0408 0.1971
0.7399 0.2275 0.5259 0.4176 0.5904 0.0343 0.1999
0.7399 0.2275 0.5259 0.4176 0.5904 0.0343 0.1999
R15
0.9883 0.9818 0.9969 0.9540 0.9765 0.9748 0.0016
0.9900 0.9847 0.9974 0.9606 0.9799 0.9785 0.0014
0.9883 0.9818 0.9969 0.9540 0.9765 0.9748 0.0016
0.9883 0.9818 0.9969 0.9540 0.9765 0.9748 0.0016
0.9900 0.9847 0.9974 0.9606 0.9799 0.9785 0.0014
0.9900 0.9847 0.9974 0.9606 0.9799 0.9785 0.0014
0.9900 0.9847 0.9974 0.9606 0.9799 0.9785 0.0014
0.9900 0.9847 0.9974 0.9606 0.9799 0.9785 0.0014
0.9883 0.9818 0.9969 0.9540 0.9765 0.9748 0.0016
0.9900 0.9847 0.9974 0.9606 0.9799 0.9785 0.0014
D31
0.9674 0.9567 0.9959 0.8807 0.9366 0.9345 0.0021
0.9674 0.9567 0.9959 0.8807 0.9366 0.9345 0.0021
0.9674 0.9566 0.9959 0.8807 0.9366 0.9345 0.0021
0.9671 0.9564 0.9959 0.8797 0.9360 0.9339 0.0021
0.9668 0.9560 0.9959 0.8786 0.9354 0.9332 0.0021
0.9671 0.9564 0.9959 0.8796 0.9359 0.9338 0.0021
0.9677 0.9570 0.9960 0.8818 0.9372 0.9351 0.0020
0.9671 0.9564 0.9959 0.8796 0.9359 0.9338 0.0021
0.9668 0.9560 0.9959 0.8785 0.9353 0.9332 0.0021
0.9668 0.9561 0.9959 0.8786 0.9354 0.9332 0.0021
Aggregation
0.9340 0.8934 0.9554 0.7999 0.8916 0.8611 0.0066
0.9340 0.8934 0.9554 0.7999 0.8916 0.8611 0.0066
0.9340 0.8934 0.9554 0.7999 0.8916 0.8611 0.0066
0.9340 0.8934 0.9554 0.7999 0.8916 0.8611 0.0066
0.9340 0.8934 0.9554 0.7999 0.8916 0.8611 0.0066
0.9340 0.8934 0.9554 0.7999 0.8916 0.8611 0.0066
0.9340 0.8934 0.9554 0.7999 0.8916 0.8611 0.0066
0.9340 0.8934 0.9554 0.7999 0.8916 0.8611 0.0066
0.9340 0.8934 0.9554 0.7999 0.8916 0.8611 0.0066
0.9340 0.8934 0.9554 0.7999 0.8916 0.8611 0.0066
flame
0.9833 0.8883 0.9671 0.9409 0.9696 0.9337 0.0213
0.9833 0.8883 0.9671 0.9409 0.9696 0.9337 0.0213
0.9833 0.8883 0.9671 0.9409 0.9696 0.9337 0.0213
0.9833 0.8883 0.9671 0.9409 0.9696 0.9337 0.0213
0.9833 0.8883 0.9671 0.9409 0.9696 0.9337 0.0213
0.9833 0.8883 0.9671 0.9409 0.9696 0.9337 0.0213
0.9833 0.8883 0.9671 0.9409 0.9696 0.9337 0.0213
0.9833 0.8883 0.9671 0.9409 0.9696 0.9337 0.0213
0.9833 0.8883 0.9671 0.9409 0.9696 0.9337 0.0213
0.9833 0.8883 0.9671 0.9409 0.9696 0.9337 0.0213
Compound
0.8321 0.7617 0.8338 0.4673 0.6390 0.5301 0.0649
0.8321 0.7609 0.8331 0.4655 0.6374 0.5280 0.0651
0.8321 0.7602 0.8325 0.4638 0.6358 0.5260 0.0653
0.8321 0.7559 0.8325 0.4628 0.6350 0.5253 0.0647
0.8321 0.7602 0.8325 0.4638 0.6358 0.5260 0.0653
0.8321 0.7574 0.8338 0.4663 0.6382 0.5293 0.0643
0.8321 0.7609 0.8331 0.4655 0.6374 0.5280 0.0651
0.8321 0.7617 0.8338 0.4673 0.6390 0.5301 0.0649
0.8321 0.7617 0.8338 0.4673 0.6390 0.5301 0.0649
0.8321 0.7559 0.8325 0.4628 0.6350 0.5253 0.0647
pathbased
0.8933 0.7895 0.8780 0.6944 0.8197 0.7275 0.0664
0.8933 0.7895 0.8780 0.6944 0.8197 0.7275 0.0664
0.8933 0.7895 0.8780 0.6944 0.8197 0.7275 0.0664
0.8933 0.7895 0.8780 0.6944 0.8197 0.7275 0.0664
0.8933 0.7895 0.8780 0.6944 0.8197 0.7275 0.0664
0.8933 0.7895 0.8780 0.6944 0.8197 0.7275 0.0664
0.8933 0.7895 0.8780 0.6944 0.8197 0.7275 0.0664
0.8933 0.7895 0.8780 0.6944 0.8197 0.7275 0.0664
0.8933 0.7895 0.8780 0.6944 0.8197 0.7275 0.0664
0.8933 0.7895 0.8780 0.6944 0.8197 0.7275 0.0664
spiral
0.9199 0.7739 0.9020 0.7438 0.8531 0.7796 0.0512
0.9199 0.7739 0.9020 0.7438 0.8531 0.7796 0.0512
0.9199 0.7739 0.9020 0.7438 0.8531 0.7796 0.0512
0.9199 0.7739 0.9020 0.7438 0.8531 0.7796 0.0512
0.9199 0.7739 0.9020 0.7438 0.8531 0.7796 0.0512
0.9199 0.7739 0.9020 0.7438 0.8531 0.7796 0.0512
0.9199 0.7739 0.9020 0.7438 0.8531 0.7796 0.0512
0.9199 0.7739 0.9020 0.7438 0.8531 0.7796 0.0512
0.9199 0.7739 0.9020 0.7438 0.8531 0.7796 0.0512
0.9199 0.7739 0.9020 0.7438 0.8531 0.7796 0.0512
s1
0.2532 0.2526 0.5774 0.0687 0.1867 0.0154 0.3871
0.2532 0.2526 0.5774 0.0687 0.1867 0.0154 0.3871
0.2498 0.2419 0.5723 0.0690 0.1884 0.0157 0.3928
0.2532 0.2526 0.5774 0.0687 0.1867 0.0154 0.3871
0.2498 0.2419 0.5723 0.0690 0.1884 0.0157 0.3928
0.2532 0.2526 0.5774 0.0687 0.1867 0.0154 0.3871
0.2532 0.2526 0.5774 0.0687 0.1867 0.0154 0.3871
0.2532 0.2526 0.5774 0.0687 0.1867 0.0154 0.3871
0.2498 0.2419 0.5723 0.0690 0.1884 0.0157 0.3928
0.2498 0.2419 0.5723 0.0690 0.1884 0.0157 0.3928
iris
0.9333 0.8226 0.9195 0.7835 0.8786 0.8184 0.0431
0.9333 0.8226 0.9195 0.7835 0.8786 0.8184 0.0431
0.9333 0.8226 0.9195 0.7835 0.8786 0.8184 0.0431
0.9333 0.8226 0.9195 0.7835 0.8786 0.8184 0.0431
0.9333 0.8226 0.9195 0.7835 0.8786 0.8184 0.0431
0.9333 0.8226 0.9195 0.7835 0.8786 0.8184 0.0431
0.9333 0.8226 0.9195 0.7835 0.8786 0.8184 0.0431
0.9333 0.8226 0.9195 0.7835 0.8786 0.8184 0.0431
0.9333 0.8226 0.9195 0.7835 0.8786 0.8184 0.0431
0.9333 0.8226 0.9195 0.7835 0.8786 0.8184 0.0431
ionosphere
0.6496 0.0463 0.5434 0.4004 0.5719 0.0829 0.2230
0.6496 0.0463 0.5434 0.4004 0.5719 0.0829 0.2230
0.6496 0.0463 0.5434 0.4004 0.5719 0.0829 0.2230
0.6496 0.0463 0.5434 0.4004 0.5719 0.0829 0.2230
0.6496 0.0463 0.5434 0.4004 0.5719 0.0829 0.2230
0.6496 0.0463 0.5434 0.4004 0.5719 0.0829 0.2230
0.6496 0.0463 0.5434 0.4004 0.5719 0.0829 0.2230
0.6496 0.0463 0.5434 0.4004 0.5719 0.0829 0.2230
0.6496 0.0463 0.5434 0.4004 0.5719 0.0829 0.2230
0.6496 0.0463 0.5434 0.4004 0.5719 0.0829 0.2230
wine
0.6124 0.2770 0.6191 0.3344 0.5045 0.1996 0.2342
0.6124 0.2770 0.6191 0.3344 0.5045 0.1996 0.2342
0.5337 0.1865 0.6144 0.2776 0.4346 0.1420 0.1959
0.5337 0.1865 0.6144 0.2776 0.4346 0.1420 0.1959
0.6124 0.2770 0.6191 0.3344 0.5045 0.1996 0.2342
0.6124 0.2770 0.6191 0.3344 0.5045 0.1996 0.2342
0.6124 0.2770 0.6191 0.3344 0.5045 0.1996 0.2342
0.6124 0.2770 0.6191 0.3344 0.5045 0.1996 0.2342
0.6124 0.2770 0.6191 0.3344 0.5045 0.1996 0.2342
0.6124 0.2770 0.6191 0.3344 0.5045 0.1996 0.2342
diabetes
0.6510 0.0013 0.5128 0.4000 0.5719 0.0093 0.2670
0.6510 0.0013 0.5128 0.4000 0.5719 0.0093 0.2670
0.6510 0.0013 0.5128 0.4000 0.5719 0.0093 0.2670
0.6510 0.0013 0.5128 0.4000 0.5719 0.0093 0.2670
0.6510 0.0013 0.5128 0.4000 0.5719 0.0093 0.2670
0.6510 0.0013 0.5128 0.4000 0.5719 0.0093 0.2670
0.6510 0.0013 0.5128 0.4000 0.5719 0.0093 0.2670
0.6510 0.0013 0.5128 0.4000 0.5719 0.0093 0.2670
0.6510 0.0013 0.5128 0.4000 0.5719 0.0093 0.2670
0.6510 0.0013 0.5128 0.4000 0.5719 0.0093 0.2670
segmentation
0.6095 0.5484 0.8370 0.3215 0.4905 0.3915 0.1015
0.5762 0.4916 0.8113 0.2736 0.4354 0.3201 0.1210
0.6095 0.5402 0.8347 0.3180 0.4867 0.3862 0.1036
0.6095 0.5484 0.8370 0.3215 0.4905 0.3915 0.1015
0.5762 0.4916 0.8113 0.2736 0.4354 0.3201 0.1210
0.6095 0.5484 0.8370 0.3215 0.4905 0.3915 0.1015
0.5762 0.4916 0.8113 0.2736 0.4354 0.3201 0.1210
0.5762 0.4916 0.8113 0.2736 0.4354 0.3201 0.1210
0.5762 0.4916 0.8113 0.2736 0.4354 0.3201 0.1210
0.6095 0.5484 0.8370 0.3215 0.4905 0.3915 0.1015
glass
0.5935 0.3329 0.7155 0.2107 0.3546 0.1745 0.1007
0.5935 0.3329 0.7155 0.2107 0.3546 0.1745 0.1007
0.5935 0.3329 0.7155 0.2107 0.3546 0.1745 0.1007
0.5935 0.3329 0.7155 0.2107 0.3546 0.1745 0.1007
0.5935 0.3329 0.7155 0.2107 0.3546 0.1745 0.1007
0.5935 0.3329 0.7155 0.2107 0.3546 0.1745 0.1007
0.5935 0.3329 0.7155 0.2107 0.3546 0.1745 0.1007
0.5935 0.3329 0.7155 0.2107 0.3546 0.1745 0.1007
0.5935 0.3329 0.7155 0.2107 0.3546 0.1745 0.1007
0.5935 0.3329 0.7155 0.2107 0.3546 0.1745 0.1007
wdbc
0.6274 0.0949 0.5196 0.3924 0.5640 0.0307 0.2590
0.6274 0.0936 0.5189 0.3923 0.5639 0.0291 0.2601
0.6274 0.0949 0.5196 0.3924 0.5640 0.0307 0.2590
0.6274 0.0936 0.5189 0.3923 0.5639 0.0291 0.2601
0.6274 0.0949 0.5196 0.3924 0.5640 0.0307 0.2590
0.6274 0.0949 0.5196 0.3924 0.5640 0.0307 0.2590
0.6274 0.0936 0.5189 0.3923 0.5639 0.0291 0.2601
0.6274 0.0949 0.5196 0.3924 0.5640 0.0307 0.2590
0.6274 0.0936 0.5189 0.3923 0.5639 0.0291 0.2601
0.6274 0.0949 0.5196 0.3924 0.5640 0.0307 0.2590
wpbc
0.7629 0.0016 0.5188 0.4399 0.6113 -0.0184 0.2229
0.7629 0.0016 0.5188 0.4399 0.6113 -0.0184 0.2229
0.7629 0.0016 0.5188 0.4399 0.6113 -0.0184 0.2229
0.7629 0.0016 0.5188 0.4399 0.6113 -0.0184 0.2229
0.7629 0.0016 0.5188 0.4399 0.6113 -0.0184 0.2229
0.7629 0.0016 0.5188 0.4399 0.6113 -0.0184 0.2229
0.7629 0.0016 0.5188 0.4399 0.6113 -0.0184 0.2229
0.7629 0.0016 0.5188 0.4399 0.6113 -0.0184 0.2229
0.7629 0.0016 0.5188 0.4399 0.6113 -0.0184 0.2229
0.7629 0.0016 0.5188 0.4399 0.6113 -0.0184 0.2229
