jain
1.0000 1.0000
0.0000 0.0000
R15
0.9967 0.9942
0.0000 0.0000
D31
0.9394 0.9529
0.0094 0.0026
Aggregation
0.8558 0.8958
0.0196 0.0370
flame
0.9812 0.8796
0.0071 0.0381
Compound
0.9847 0.9633
0.0028 0.0046
pathbased
0.9763 0.9100
0.0011 0.0079
spiral
1.0000 1.0000
0.0000 0.0000
s1
0.9944 0.9882
0.0005 0.0008
iris
0.9267 0.8148
0.0235 0.0375
ionosphere
0.7245 0.2233
0.0059 0.0179
wine
0.5865 0.3115
0.1025 0.1455
diabetes
0.6510 0.0014
0.0000 0.0014
segmentation
0.5400 0.5305
0.0266 0.0279
glass
0.5084 0.4522
0.0200 0.0500
wdbc
0.6292 0.0188
0.0000 0.0000
wpbc
0.7680 0.0561
0.0000 0.0000
