jain
1.0000 1.0000 1.0000 1.0000 1.0000 1.0000 0.0000
1.0000 1.0000 1.0000 1.0000 1.0000 1.0000 0.0000
1.0000 1.0000 1.0000 1.0000 1.0000 1.0000 0.0000
1.0000 1.0000 1.0000 1.0000 1.0000 1.0000 0.0000
1.0000 1.0000 1.0000 1.0000 1.0000 1.0000 0.0000
1.0000 1.0000 1.0000 1.0000 1.0000 1.0000 0.0000
1.0000 1.0000 1.0000 1.0000 1.0000 1.0000 0.0000
1.0000 1.0000 1.0000 1.0000 1.0000 1.0000 0.0000
1.0000 1.0000 1.0000 1.0000 1.0000 1.0000 0.0000
1.0000 1.0000 1.0000 1.0000 1.0000 1.0000 0.0000
R15
0.9967 0.9942 0.9991 0.9866 0.9932 0.9928 0.0004
0.9967 0.9942 0.9991 0.9866 0.9932 0.9928 0.0004
0.9967 0.9942 0.9991 0.9866 0.9932 0.9928 0.0004
0.9967 0.9942 0.9991 0.9866 0.9932 0.9928 0.0004
0.9967 0.9942 0.9991 0.9866 0.9932 0.9928 0.0004
0.9967 0.9942 0.9991 0.9866 0.9932 0.9928 0.0004
0.9967 0.9942 0.9991 0.9866 0.9932 0.9928 0.0004
0.9967 0.9942 0.9991 0.9866 0.9932 0.9928 0.0004
0.9967 0.9942 0.9991 0.9866 0.9932 0.9928 0.0004
0.9967 0.9942 0.9991 0.9866 0.9932 0.9928 0.0004
D31
0.9429 0.9543 0.9942 0.8364 0.9112 0.9079 0.0037
0.9432 0.9546 0.9942 0.8373 0.9117 0.9084 0.0037
0.9419 0.9536 0.9940 0.8330 0.9092 0.9058 0.0038
0.9439 0.9557 0.9943 0.8393 0.9129 0.9097 0.0037
0.9426 0.9538 0.9941 0.8355 0.9107 0.9074 0.0037
0.9129 0.9475 0.9921 0.7895 0.8836 0.8783 0.0057
0.9435 0.9546 0.9943 0.8384 0.9124 0.9091 0.0036
0.9406 0.9514 0.9939 0.8298 0.9072 0.9038 0.0038
0.9432 0.9540 0.9942 0.8372 0.9117 0.9084 0.0036
0.9394 0.9496 0.9936 0.8229 0.9031 0.8996 0.0040
Aggregation
0.8680 0.9187 0.9536 0.8213 0.9051 0.8718 0.0430
0.8680 0.9187 0.9536 0.8213 0.9051 0.8718 0.0430
0.8680 0.9187 0.9536 0.8213 0.9051 0.8718 0.0430
0.8680 0.9187 0.9536 0.8213 0.9051 0.8718 0.0430
0.8274 0.8494 0.9104 0.6903 0.8222 0.7585 0.0727
0.8680 0.9187 0.9536 0.8213 0.9051 0.8718 0.0430
0.8680 0.9187 0.9536 0.8213 0.9051 0.8718 0.0430
0.8274 0.8386 0.9025 0.6630 0.8013 0.7340 0.0727
0.8274 0.8390 0.9028 0.6641 0.8022 0.7350 0.0727
0.8680 0.9187 0.9536 0.8213 0.9051 0.8718 0.0430
flame
0.9750 0.8502 0.9510 0.9116 0.9538 0.9018 0.0182
0.9917 0.9359 0.9834 0.9694 0.9845 0.9667 0.0061
0.9708 0.8322 0.9431 0.8979 0.9463 0.8859 0.0212
0.9875 0.9116 0.9752 0.9545 0.9767 0.9502 0.0091
0.9833 0.8896 0.9671 0.9399 0.9691 0.9339 0.0121
0.9792 0.8693 0.9590 0.9257 0.9614 0.9178 0.0152
0.9750 0.8330 0.9510 0.9120 0.9540 0.9017 0.0202
0.9917 0.9359 0.9834 0.9694 0.9845 0.9667 0.0061
0.9792 0.8693 0.9590 0.9257 0.9614 0.9178 0.0152
0.9792 0.8693 0.9590 0.9257 0.9614 0.9178 0.0152
Compound
0.9799 0.9558 0.9871 0.9494 0.9741 0.9654 0.0086
0.9850 0.9635 0.9903 0.9619 0.9806 0.9741 0.0063
0.9850 0.9635 0.9903 0.9619 0.9806 0.9741 0.0063
0.9900 0.9726 0.9937 0.9750 0.9873 0.9832 0.0040
0.9850 0.9635 0.9903 0.9619 0.9806 0.9741 0.0063
0.9850 0.9635 0.9903 0.9619 0.9806 0.9741 0.0063
0.9825 0.9595 0.9887 0.9556 0.9773 0.9698 0.0074
0.9850 0.9635 0.9903 0.9619 0.9806 0.9741 0.0063
0.9825 0.9595 0.9887 0.9556 0.9773 0.9698 0.0074
0.9875 0.9679 0.9920 0.9684 0.9839 0.9786 0.0052
pathbased
0.9733 0.8877 0.9644 0.8988 0.9467 0.9200 0.0188
0.9767 0.9125 0.9685 0.9100 0.9529 0.9292 0.0173
0.9767 0.9125 0.9685 0.9100 0.9529 0.9292 0.0173
0.9767 0.9125 0.9685 0.9100 0.9529 0.9292 0.0173
0.9767 0.9125 0.9685 0.9100 0.9529 0.9292 0.0173
0.9767 0.9125 0.9685 0.9100 0.9529 0.9292 0.0173
0.9767 0.9125 0.9685 0.9100 0.9529 0.9292 0.0173
0.9767 0.9125 0.9685 0.9100 0.9529 0.9292 0.0173
0.9767 0.9125 0.9685 0.9100 0.9529 0.9292 0.0173
0.9767 0.9125 0.9685 0.9100 0.9529 0.9292 0.0173
spiral
1.0000 1.0000 1.0000 1.0000 1.0000 1.0000 0.0000
1.0000 1.0000 1.0000 1.0000 1.0000 1.0000 0.0000
1.0000 1.0000 1.0000 1.0000 1.0000 1.0000 0.0000
1.0000 1.0000 1.0000 1.0000 1.0000 1.0000 0.0000
1.0000 1.0000 1.0000 1.0000 1.0000 1.0000 0.0000
1.0000 1.0000 1.0000 1.0000 1.0000 1.0000 0.0000
1.0000 1.0000 1.0000 1.0000 1.0000 1.0000 0.0000
1.0000 1.0000 1.0000 1.0000 1.0000 1.0000 0.0000
1.0000 1.0000 1.0000 1.0000 1.0000 1.0000 0.0000
1.0000 1.0000 1.0000 1.0000 1.0000 1.0000 0.0000
s1
0.9944 0.9882 0.9985 0.9779 0.9888 0.9880 0.0008
0.9942 0.9881 0.9985 0.9771 0.9884 0.9876 0.0008
0.9934 0.9867 0.9982 0.9740 0.9868 0.9859 0.0009
0.9950 0.9891 0.9987 0.9802 0.9900 0.9893 0.0007
0.9948 0.9891 0.9986 0.9795 0.9896 0.9889 0.0007
0.9946 0.9886 0.9986 0.9787 0.9892 0.9885 0.0007
0.9946 0.9886 0.9986 0.9787 0.9892 0.9885 0.0007
0.9940 0.9875 0.9984 0.9764 0.9880 0.9872 0.0008
0.9940 0.9875 0.9984 0.9763 0.9880 0.9872 0.0008
0.9948 0.9891 0.9986 0.9795 0.9896 0.9889 0.0007
iris
0.9333 0.8226 0.9195 0.7835 0.8786 0.8184 0.0431
0.8733 0.7206 0.8623 0.6584 0.7941 0.6906 0.0743
0.9333 0.8226 0.9195 0.7835 0.8786 0.8184 0.0431
0.9600 0.8705 0.9495 0.8578 0.9234 0.8858 0.0260
0.9333 0.8226 0.9195 0.7835 0.8786 0.8184 0.0431
0.9333 0.8226 0.9195 0.7835 0.8786 0.8184 0.0431
0.9333 0.8226 0.9195 0.7835 0.8786 0.8184 0.0431
0.9000 0.7981 0.8859 0.7119 0.8321 0.7455 0.0671
0.9333 0.8226 0.9195 0.7835 0.8786 0.8184 0.0431
0.9333 0.8226 0.9195 0.7835 0.8786 0.8184 0.0431
ionosphere
0.7265 0.2336 0.6015 0.4492 0.6201 0.2017 0.1850
0.7265 0.2221 0.6015 0.4479 0.6190 0.2021 0.1834
0.7236 0.2245 0.5989 0.4463 0.6174 0.1967 0.1859
0.7236 0.2245 0.5989 0.4463 0.6174 0.1967 0.1859
0.7350 0.2564 0.6094 0.4575 0.6280 0.2174 0.1815
0.7208 0.2105 0.5964 0.4428 0.6141 0.1919 0.1860
0.7123 0.1872 0.5889 0.4347 0.6063 0.1773 0.1887
0.7293 0.2368 0.6041 0.4514 0.6223 0.2070 0.1833
0.7236 0.2189 0.5989 0.4457 0.6168 0.1969 0.1851
0.7236 0.2189 0.5989 0.4457 0.6168 0.1969 0.1851
wine
0.4326 0.0914 0.3628 0.3325 0.5650 0.0054 0.6167
0.6517 0.4355 0.6292 0.4305 0.6259 0.3007 0.3132
0.5112 0.2074 0.4348 0.3342 0.5474 0.0508 0.5110
0.6742 0.4041 0.6783 0.4556 0.6409 0.3658 0.2529
0.5112 0.2060 0.4342 0.3335 0.5465 0.0496 0.5110
0.6517 0.4355 0.6292 0.4305 0.6259 0.3007 0.3132
0.6517 0.4355 0.6292 0.4305 0.6259 0.3007 0.3132
0.6742 0.4041 0.6783 0.4556 0.6409 0.3658 0.2529
0.4326 0.0914 0.3628 0.3325 0.5650 0.0054 0.6167
0.6742 0.4041 0.6783 0.4556 0.6409 0.3658 0.2529
diabetes
0.6510 0.0001 0.5003 0.3552 0.5245 -0.0003 0.2298
0.6510 0.0027 0.5419 0.5213 0.7080 0.0107 0.4118
0.6510 0.0027 0.5419 0.5213 0.7080 0.0107 0.4118
0.6510 0.0001 0.5003 0.3552 0.5245 -0.0003 0.2298
0.6510 0.0027 0.5419 0.5213 0.7080 0.0107 0.4118
0.6510 0.0001 0.5003 0.3552 0.5245 -0.0003 0.2298
0.6510 0.0001 0.5003 0.3552 0.5245 -0.0003 0.2298
0.6510 0.0001 0.5003 0.3552 0.5245 -0.0003 0.2298
0.6510 0.0027 0.5419 0.5213 0.7080 0.0107 0.4118
0.6510 0.0027 0.5419 0.5213 0.7080 0.0107 0.4118
segmentation
0.5333 0.5185 0.7600 0.2716 0.4539 0.2967 0.1907
0.5333 0.5185 0.7600 0.2716 0.4539 0.2967 0.1907
0.5333 0.5185 0.7600 0.2716 0.4539 0.2967 0.1907
0.5333 0.5071 0.7456 0.2592 0.4409 0.2750 0.2046
0.5333 0.4890 0.7693 0.2662 0.4412 0.2926 0.1757
0.5714 0.5708 0.8050 0.3297 0.5170 0.3867 0.1522
0.5810 0.5725 0.7682 0.2960 0.4876 0.3316 0.1905
0.4857 0.5407 0.7323 0.2753 0.4735 0.2934 0.2306
0.5333 0.5149 0.7568 0.2682 0.4500 0.2910 0.1936
0.5619 0.5545 0.7942 0.3106 0.4954 0.3593 0.1598
glass
0.5327 0.4508 0.6619 0.3355 0.5170 0.2673 0.2490
0.5000 0.4790 0.6337 0.3685 0.5739 0.2906 0.3203
0.5421 0.4629 0.6628 0.3426 0.5265 0.2762 0.2531
0.5000 0.4930 0.6329 0.3697 0.5760 0.2916 0.3226
0.5047 0.4867 0.6333 0.3689 0.5745 0.2908 0.3212
0.4860 0.3619 0.6326 0.3229 0.5079 0.2343 0.2828
0.5000 0.4930 0.6329 0.3697 0.5760 0.2916 0.3226
0.5000 0.4816 0.6329 0.3693 0.5754 0.2911 0.3223
0.4860 0.3619 0.6326 0.3229 0.5079 0.2343 0.2828
0.5327 0.4518 0.6625 0.3353 0.5165 0.2675 0.2479
wdbc
0.6292 0.0188 0.5326 0.5315 0.7286 0.0024 0.4661
0.6292 0.0188 0.5326 0.5315 0.7286 0.0024 0.4661
0.6292 0.0188 0.5326 0.5315 0.7286 0.0024 0.4661
0.6292 0.0188 0.5326 0.5315 0.7286 0.0024 0.4661
0.6292 0.0188 0.5326 0.5315 0.7286 0.0024 0.4661
0.6292 0.0188 0.5326 0.5315 0.7286 0.0024 0.4661
0.6292 0.0188 0.5326 0.5315 0.7286 0.0024 0.4661
0.6292 0.0188 0.5326 0.5315 0.7286 0.0024 0.4661
0.6292 0.0188 0.5326 0.5315 0.7286 0.0024 0.4661
0.6292 0.0188 0.5326 0.5315 0.7286 0.0024 0.4661
wpbc
0.7680 0.0561 0.6418 0.6390 0.7988 0.0227 0.3558
0.7680 0.0561 0.6418 0.6390 0.7988 0.0227 0.3558
0.7680 0.0561 0.6418 0.6390 0.7988 0.0227 0.3558
0.7680 0.0561 0.6418 0.6390 0.7988 0.0227 0.3558
0.7680 0.0561 0.6418 0.6390 0.7988 0.0227 0.3558
0.7680 0.0561 0.6418 0.6390 0.7988 0.0227 0.3558
0.7680 0.0561 0.6418 0.6390 0.7988 0.0227 0.3558
0.7680 0.0561 0.6418 0.6390 0.7988 0.0227 0.3558
0.7680 0.0561 0.6418 0.6390 0.7988 0.0227 0.3558
0.7680 0.0561 0.6418 0.6390 0.7988 0.0227 0.3558
