jain
1.0000 1.0000 1.0000 1.0000 1.0000 1.0000 0.0000
1.0000 1.0000 1.0000 1.0000 1.0000 1.0000 0.0000
1.0000 1.0000 1.0000 1.0000 1.0000 1.0000 0.0000
1.0000 1.0000 1.0000 1.0000 1.0000 1.0000 0.0000
1.0000 1.0000 1.0000 1.0000 1.0000 1.0000 0.0000
1.0000 1.0000 1.0000 1.0000 1.0000 1.0000 0.0000
1.0000 1.0000 1.0000 1.0000 1.0000 1.0000 0.0000
1.0000 1.0000 1.0000 1.0000 1.0000 1.0000 0.0000
1.0000 1.0000 1.0000 1.0000 1.0000 1.0000 0.0000
1.0000 1.0000 1.0000 1.0000 1.0000 1.0000 0.0000
R15
0.9967 0.9942 0.9991 0.9866 0.9932 0.9928 0.0004
0.9967 0.9942 0.9991 0.9866 0.9932 0.9928 0.0004
0.9967 0.9942 0.9991 0.9866 0.9932 0.9928 0.0004
0.9967 0.9942 0.9991 0.9866 0.9932 0.9928 0.0004
0.9967 0.9942 0.9991 0.9866 0.9932 0.9928 0.0004
0.9967 0.9942 0.9991 0.9866 0.9932 0.9928 0.0004
0.9967 0.9942 0.9991 0.9866 0.9932 0.9928 0.0004
0.9967 0.9942 0.9991 0.9866 0.9932 0.9928 0.0004
0.9967 0.9942 0.9991 0.9866 0.9932 0.9928 0.0004
0.9967 0.9942 0.9991 0.9866 0.9932 0.9928 0.0004
D31
