jain
1.0000 1.0000 1.0000 1.0000 1.0000 1.0000 0.0000
1.0000 1.0000 1.0000 1.0000 1.0000 1.0000 0.0000
1.0000 1.0000 1.0000 1.0000 1.0000 1.0000 0.0000
1.0000 1.0000 1.0000 1.0000 1.0000 1.0000 0.0000
1.0000 1.0000 1.0000 1.0000 1.0000 1.0000 0.0000
1.0000 1.0000 1.0000 1.0000 1.0000 1.0000 0.0000
1.0000 1.0000 1.0000 1.0000 1.0000 1.0000 0.0000
1.0000 1.0000 1.0000 1.0000 1.0000 1.0000 0.0000
1.0000 1.0000 1.0000 1.0000 1.0000 1.0000 0.0000
1.0000 1.0000 1.0000 1.0000 1.0000 1.0000 0.0000
R15
0.9967 0.9942 0.9991 0.9866 0.9932 0.9928 0.0004
0.9967 0.9942 0.9991 0.9866 0.9932 0.9928 0.0004
0.9967 0.9942 0.9991 0.9866 0.9932 0.9928 0.0004
0.9967 0.9942 0.9991 0.9866 0.9932 0.9928 0.0004
0.9967 0.9942 0.9991 0.9866 0.9932 0.9928 0.0004
0.9967 0.9942 0.9991 0.9866 0.9932 0.9928 0.0004
0.9967 0.9942 0.9991 0.9866 0.9932 0.9928 0.0004
0.9967 0.9942 0.9991 0.9866 0.9932 0.9928 0.0004
0.9967 0.9942 0.9991 0.9866 0.9932 0.9928 0.0004
0.9967 0.9942 0.9991 0.9866 0.9932 0.9928 0.0004
D31
0.9719 0.9624 0.9965 0.8961 0.9452 0.9434 0.0018
0.9719 0.9624 0.9965 0.8961 0.9452 0.9434 0.0018
0.9719 0.9624 0.9965 0.8961 0.9452 0.9434 0.0018
0.9719 0.9624 0.9965 0.8961 0.9452 0.9434 0.0018
0.9719 0.9624 0.9965 0.8961 0.9452 0.9434 0.0018
0.9719 0.9624 0.9965 0.8961 0.9452 0.9434 0.0018
0.9719 0.9624 0.9965 0.8961 0.9452 0.9434 0.0018
0.9719 0.9624 0.9965 0.8961 0.9452 0.9434 0.0018
0.9719 0.9624 0.9965 0.8961 0.9452 0.9434 0.0018
0.9719 0.9624 0.9965 0.8961 0.9452 0.9434 0.0018
Aggregation
0.9962 0.9883 0.9975 0.9886 0.9943 0.9927 0.0015
0.9962 0.9883 0.9975 0.9886 0.9943 0.9927 0.0015
0.9962 0.9883 0.9975 0.9886 0.9943 0.9927 0.0015
0.9962 0.9883 0.9975 0.9886 0.9943 0.9927 0.0015
0.9962 0.9883 0.9975 0.9886 0.9943 0.9927 0.0015
0.9962 0.9883 0.9975 0.9886 0.9943 0.9927 0.0015
0.9962 0.9883 0.9975 0.9886 0.9943 0.9927 0.0015
0.9962 0.9883 0.9975 0.9886 0.9943 0.9927 0.0015
0.9962 0.9883 0.9975 0.9886 0.9943 0.9927 0.0015
0.9962 0.9883 0.9975 0.9886 0.9943 0.9927 0.0015
flame
0.9750 0.8506 0.9510 0.9113 0.9537 0.9018 0.0305
0.9750 0.8506 0.9510 0.9113 0.9537 0.9018 0.0305
0.9750 0.8506 0.9510 0.9113 0.9537 0.9018 0.0305
0.9750 0.8506 0.9510 0.9113 0.9537 0.9018 0.0305
0.9750 0.8506 0.9510 0.9113 0.9537 0.9018 0.0305
0.9750 0.8506 0.9510 0.9113 0.9537 0.9018 0.0305
0.9750 0.8506 0.9510 0.9113 0.9537 0.9018 0.0305
0.9750 0.8506 0.9510 0.9113 0.9537 0.9018 0.0305
0.9750 0.8506 0.9510 0.9113 0.9537 0.9018 0.0305
0.9750 0.8506 0.9510 0.9113 0.9537 0.9018 0.0305
Compound
0.8722 0.8446 0.8788 0.6033 0.7526 0.6723 0.0584
0.8722 0.8446 0.8788 0.6033 0.7526 0.6723 0.0584
0.8722 0.8446 0.8788 0.6033 0.7526 0.6723 0.0584
0.8722 0.8446 0.8788 0.6033 0.7526 0.6723 0.0584
0.8722 0.8446 0.8788 0.6033 0.7526 0.6723 0.0584
0.8722 0.8446 0.8788 0.6033 0.7526 0.6723 0.0584
0.8722 0.8446 0.8788 0.6033 0.7526 0.6723 0.0584
0.8722 0.8446 0.8788 0.6033 0.7526 0.6723 0.0584
0.8722 0.8446 0.8788 0.6033 0.7526 0.6723 0.0584
0.8722 0.8446 0.8788 0.6033 0.7526 0.6723 0.0584
pathbased
0.7967 0.5959 0.7822 0.5278 0.6919 0.5235 0.1278
0.7967 0.5959 0.7822 0.5278 0.6919 0.5235 0.1278
0.7967 0.5959 0.7822 0.5278 0.6919 0.5235 0.1278
0.7967 0.5959 0.7822 0.5278 0.6919 0.5235 0.1278
0.7967 0.5959 0.7822 0.5278 0.6919 0.5235 0.1278
0.7967 0.5959 0.7822 0.5278 0.6919 0.5235 0.1278
0.7967 0.5959 0.7822 0.5278 0.6919 0.5235 0.1278
0.7967 0.5959 0.7822 0.5278 0.6919 0.5235 0.1278
0.7967 0.5959 0.7822 0.5278 0.6919 0.5235 0.1278
0.7967 0.5959 0.7822 0.5278 0.6919 0.5235 0.1278
spiral
1.0000 1.0000 1.0000 1.0000 1.0000 1.0000 0.0000
1.0000 1.0000 1.0000 1.0000 1.0000 1.0000 0.0000
1.0000 1.0000 1.0000 1.0000 1.0000 1.0000 0.0000
1.0000 1.0000 1.0000 1.0000 1.0000 1.0000 0.0000
1.0000 1.0000 1.0000 1.0000 1.0000 1.0000 0.0000
1.0000 1.0000 1.0000 1.0000 1.0000 1.0000 0.0000
1.0000 1.0000 1.0000 1.0000 1.0000 1.0000 0.0000
1.0000 1.0000 1.0000 1.0000 1.0000 1.0000 0.0000
1.0000 1.0000 1.0000 1.0000 1.0000 1.0000 0.0000
1.0000 1.0000 1.0000 1.0000 1.0000 1.0000 0.0000
s1
0.9892 0.9821 0.9972 0.9588 0.9789 0.9774 0.0015
0.9892 0.9821 0.9972 0.9588 0.9789 0.9774 0.0015
0.9892 0.9821 0.9972 0.9588 0.9789 0.9774 0.0015
0.9892 0.9821 0.9972 0.9588 0.9789 0.9774 0.0015
0.9892 0.9821 0.9972 0.9588 0.9789 0.9774 0.0015
0.9892 0.9821 0.9972 0.9588 0.9789 0.9774 0.0015
0.9892 0.9821 0.9972 0.9588 0.9789 0.9774 0.0015
0.9892 0.9821 0.9972 0.9588 0.9789 0.9774 0.0015
0.9892 0.9821 0.9972 0.9588 0.9789 0.9774 0.0015
0.9892 0.9821 0.9972 0.9588 0.9789 0.9774 0.0015
iris
0.9000 0.7981 0.8859 0.7119 0.8321 0.7455 0.0671
0.9000 0.7981 0.8859 0.7119 0.8321 0.7455 0.0671
0.9000 0.7981 0.8859 0.7119 0.8321 0.7455 0.0671
0.9000 0.7981 0.8859 0.7119 0.8321 0.7455 0.0671
0.9000 0.7981 0.8859 0.7119 0.8321 0.7455 0.0671
0.9000 0.7981 0.8859 0.7119 0.8321 0.7455 0.0671
0.9000 0.7981 0.8859 0.7119 0.8321 0.7455 0.0671
0.9000 0.7981 0.8859 0.7119 0.8321 0.7455 0.0671
0.9000 0.7981 0.8859 0.7119 0.8321 0.7455 0.0671
0.9000 0.7981 0.8859 0.7119 0.8321 0.7455 0.0671
ionosphere
0.6410 0.0788 0.5092 0.4837 0.6711 -0.0413 0.4123
0.6410 0.0788 0.5092 0.4837 0.6711 -0.0413 0.4123
0.6410 0.0788 0.5092 0.4837 0.6711 -0.0413 0.4123
0.6410 0.0788 0.5092 0.4837 0.6711 -0.0413 0.4123
0.6410 0.0788 0.5092 0.4837 0.6711 -0.0413 0.4123
0.6410 0.0788 0.5092 0.4837 0.6711 -0.0413 0.4123
0.6410 0.0788 0.5092 0.4837 0.6711 -0.0413 0.4123
0.6410 0.0788 0.5092 0.4837 0.6711 -0.0413 0.4123
0.6410 0.0788 0.5092 0.4837 0.6711 -0.0413 0.4123
0.6410 0.0788 0.5092 0.4837 0.6711 -0.0413 0.4123
wine
0.5843 0.3041 0.6016 0.3192 0.4877 0.1676 0.2472
0.5843 0.3041 0.6016 0.3192 0.4877 0.1676 0.2472
0.5843 0.3041 0.6016 0.3192 0.4877 0.1676 0.2472
0.5843 0.3041 0.6016 0.3192 0.4877 0.1676 0.2472
0.5843 0.3041 0.6016 0.3192 0.4877 0.1676 0.2472
0.5843 0.3041 0.6016 0.3192 0.4877 0.1676 0.2472
0.5843 0.3041 0.6016 0.3192 0.4877 0.1676 0.2472
0.5843 0.3041 0.6016 0.3192 0.4877 0.1676 0.2472
0.5843 0.3041 0.6016 0.3192 0.4877 0.1676 0.2472
0.5843 0.3041 0.6016 0.3192 0.4877 0.1676 0.2472
diabetes
0.6510 0.0009 0.4999 0.3524 0.5217 -0.0000 0.2272
0.6510 0.0009 0.4999 0.3524 0.5217 -0.0000 0.2272
0.6510 0.0009 0.4999 0.3524 0.5217 -0.0000 0.2272
0.6510 0.0009 0.4999 0.3524 0.5217 -0.0000 0.2272
0.6510 0.0009 0.4999 0.3524 0.5217 -0.0000 0.2272
0.6510 0.0009 0.4999 0.3524 0.5217 -0.0000 0.2272
0.6510 0.0009 0.4999 0.3524 0.5217 -0.0000 0.2272
0.6510 0.0009 0.4999 0.3524 0.5217 -0.0000 0.2272
0.6510 0.0009 0.4999 0.3524 0.5217 -0.0000 0.2272
0.6510 0.0009 0.4999 0.3524 0.5217 -0.0000 0.2272
segmentation
0.6429 0.6719 0.7968 0.3290 0.5209 0.3829 0.1641
0.6429 0.6719 0.7968 0.3290 0.5209 0.3829 0.1641
0.6429 0.6719 0.7968 0.3290 0.5209 0.3829 0.1641
0.6429 0.6719 0.7968 0.3290 0.5209 0.3829 0.1641
0.6429 0.6719 0.7968 0.3290 0.5209 0.3829 0.1641
0.6429 0.6719 0.7968 0.3290 0.5209 0.3829 0.1641
0.6429 0.6719 0.7968 0.3290 0.5209 0.3829 0.1641
0.6429 0.6719 0.7968 0.3290 0.5209 0.3829 0.1641
0.6429 0.6719 0.7968 0.3290 0.5209 0.3829 0.1641
0.6429 0.6719 0.7968 0.3290 0.5209 0.3829 0.1641
glass
0.5421 0.3671 0.6090 0.3093 0.4951 0.2038 0.3063
0.5421 0.3671 0.6090 0.3093 0.4951 0.2038 0.3063
0.5421 0.3671 0.6090 0.3093 0.4951 0.2038 0.3063
0.5421 0.3671 0.6090 0.3093 0.4951 0.2038 0.3063
0.5421 0.3671 0.6090 0.3093 0.4951 0.2038 0.3063
0.5421 0.3671 0.6090 0.3093 0.4951 0.2038 0.3063
0.5421 0.3671 0.6090 0.3093 0.4951 0.2038 0.3063
0.5421 0.3671 0.6090 0.3093 0.4951 0.2038 0.3063
0.5421 0.3671 0.6090 0.3093 0.4951 0.2038 0.3063
0.5421 0.3671 0.6090 0.3093 0.4951 0.2038 0.3063
wdbc
0.8225 0.4144 0.7075 0.5585 0.7170 0.4149 0.1308
0.8225 0.4144 0.7075 0.5585 0.7170 0.4149 0.1308
0.8225 0.4144 0.7075 0.5585 0.7170 0.4149 0.1308
0.8225 0.4144 0.7075 0.5585 0.7170 0.4149 0.1308
0.8225 0.4144 0.7075 0.5585 0.7170 0.4149 0.1308
0.8225 0.4144 0.7075 0.5585 0.7170 0.4149 0.1308
0.8225 0.4144 0.7075 0.5585 0.7170 0.4149 0.1308
0.8225 0.4144 0.7075 0.5585 0.7170 0.4149 0.1308
0.8225 0.4144 0.7075 0.5585 0.7170 0.4149 0.1308
0.8225 0.4144 0.7075 0.5585 0.7170 0.4149 0.1308
wpbc
0.7629 0.0274 0.5017 0.3918 0.5668 0.0014 0.1829
0.7629 0.0274 0.5017 0.3918 0.5668 0.0014 0.1829
0.7629 0.0274 0.5017 0.3918 0.5668 0.0014 0.1829
0.7629 0.0274 0.5017 0.3918 0.5668 0.0014 0.1829
0.7629 0.0274 0.5017 0.3918 0.5668 0.0014 0.1829
0.7629 0.0274 0.5017 0.3918 0.5668 0.0014 0.1829
0.7629 0.0274 0.5017 0.3918 0.5668 0.0014 0.1829
0.7629 0.0274 0.5017 0.3918 0.5668 0.0014 0.1829
0.7629 0.0274 0.5017 0.3918 0.5668 0.0014 0.1829
0.7629 0.0274 0.5017 0.3918 0.5668 0.0014 0.1829
