jain
1.0000 1.0000
0.0000 0.0000
R15
0.9967 0.9942
0.0000 0.0000
D31
0.9719 0.9624
0.0000 0.0000
Aggregation
0.9962 0.9883
0.0000 0.0000
flame
0.9750 0.8506
0.0000 0.0000
Compound
0.8722 0.8446
0.0000 0.0000
pathbased
0.7967 0.5959
0.0000 0.0000
spiral
1.0000 1.0000
0.0000 0.0000
s1
0.9892 0.9821
0.0000 0.0000
iris
0.9000 0.7981
0.0000 0.0000
ionosphere
0.6410 0.0788
0.0000 0.0000
wine
0.5843 0.3041
0.0000 0.0000
diabetes
0.6510 0.0009
0.0000 0.0000
segmentation
0.6429 0.6719
0.0000 0.0000
glass
0.5421 0.3671
0.0000 0.0000
wdbc
0.8225 0.4144
0.0000 0.0000
wpbc
0.7629 0.0274
0.0000 0.0000
