jain
0.8633 0.4189
0.0000 0.0000
R15
0.6907 0.7227
0.0179 0.0103
D31
0.6730 0.7496
0.0249 0.0107
Aggregation
0.9112 0.8224
0.0255 0.0332
flame
0.6375 0.1173
0.0000 0.0607
Compound
0.8436 0.7104
0.0320 0.0177
pathbased
0.7377 0.5349
0.0022 0.0095
spiral
0.3676 0.0040
0.0061 0.0012
s1
0.9396 0.9113
0.0000 0.0000
iris
0.8667 0.7360
0.0000 0.0066
ionosphere
0.6581 0.0748
0.0000 0.0000
wine
0.6562 0.4395
0.0024 0.0057
diabetes
0.6563 0.0125
0.0000 0.0000
segmentation
0.5995 0.5745
0.0243 0.0323
glass
0.4547 0.3073
0.0044 0.0079
wdbc
0.6467 0.0773
0.0000 0.0000
wpbc
0.7629 0.0151
0.0000 0.0020
