jain
0.7399 0.2235 0.5235 0.4166 0.5893 0.0279 0.2027
0.7399 0.2235 0.5235 0.4166 0.5893 0.0279 0.2027
0.7399 0.2235 0.5235 0.4166 0.5893 0.0279 0.2027
0.7399 0.2235 0.5235 0.4166 0.5893 0.0279 0.2027
0.7399 0.2235 0.5235 0.4166 0.5893 0.0279 0.2027
0.7399 0.2235 0.5235 0.4166 0.5893 0.0279 0.2027
0.7399 0.2235 0.5235 0.4166 0.5893 0.0279 0.2027
0.7399 0.2235 0.5235 0.4166 0.5893 0.0279 0.2027
0.7399 0.2235 0.5235 0.4166 0.5893 0.0279 0.2027
0.7399 0.2235 0.5235 0.4166 0.5893 0.0279 0.2027
R15
0.7333 0.8336 0.9422 0.4766 0.6590 0.6154 0.0453
0.8133 0.8850 0.9584 0.5771 0.7415 0.7100 0.0333
0.8350 0.8948 0.9590 0.5817 0.7452 0.7139 0.0329
0.8317 0.8899 0.9583 0.5757 0.7402 0.7087 0.0333
0.8933 0.9113 0.9764 0.7108 0.8329 0.8183 0.0165
0.7933 0.8877 0.9551 0.5602 0.7304 0.6946 0.0370
0.8317 0.8899 0.9583 0.5757 0.7402 0.7087 0.0333
0.8417 0.9082 0.9620 0.6103 0.7692 0.7380 0.0323
0.8233 0.8858 0.9567 0.5688 0.7363 0.7024 0.0353
0.8200 0.8810 0.9554 0.5559 0.7246 0.6911 0.0353
D31
0.9745 0.9646 0.9968 0.9048 0.9500 0.9484 0.0016
0.9748 0.9649 0.9968 0.9059 0.9506 0.9490 0.0016
0.9755 0.9658 0.9969 0.9082 0.9519 0.9503 0.0015
0.9742 0.9643 0.9968 0.9037 0.9494 0.9477 0.0016
0.9752 0.9655 0.9969 0.9071 0.9513 0.9497 0.0016
0.9745 0.9648 0.9968 0.9048 0.9500 0.9484 0.0016
0.9752 0.9654 0.9969 0.9070 0.9512 0.9496 0.0016
0.9745 0.9649 0.9968 0.9049 0.9501 0.9484 0.0016
0.9752 0.9655 0.9969 0.9071 0.9513 0.9497 0.0016
0.9745 0.9648 0.9968 0.9048 0.9500 0.9484 0.0016
Aggregation
0.9873 0.9693 0.9908 0.9577 0.9785 0.9725 0.0015
0.9873 0.9693 0.9908 0.9577 0.9785 0.9725 0.0015
0.9873 0.9693 0.9908 0.9577 0.9785 0.9725 0.0015
0.9873 0.9693 0.9908 0.9577 0.9785 0.9725 0.0015
0.9873 0.9693 0.9908 0.9577 0.9785 0.9725 0.0015
0.9873 0.9693 0.9908 0.9577 0.9785 0.9725 0.0015
0.9873 0.9693 0.9908 0.9577 0.9785 0.9725 0.0015
0.9873 0.9693 0.9908 0.9577 0.9785 0.9725 0.0015
0.9873 0.9693 0.9908 0.9577 0.9785 0.9725 0.0015
0.9873 0.9693 0.9908 0.9577 0.9785 0.9725 0.0015
flame
0.9875 0.8991 0.9752 0.9549 0.9769 0.9501 0.0136
0.9833 0.8745 0.9671 0.9407 0.9694 0.9338 0.0188
0.9875 0.8991 0.9752 0.9549 0.9769 0.9501 0.0136
0.9833 0.8745 0.9671 0.9407 0.9694 0.9338 0.0188
0.9833 0.8745 0.9671 0.9407 0.9694 0.9338 0.0188
0.9875 0.8991 0.9752 0.9549 0.9769 0.9501 0.0136
0.9875 0.8991 0.9752 0.9549 0.9769 0.9501 0.0136
0.9875 0.8991 0.9752 0.9549 0.9769 0.9501 0.0136
0.9875 0.8991 0.9752 0.9549 0.9769 0.9501 0.0136
0.9833 0.8745 0.9671 0.9407 0.9694 0.9338 0.0188
Compound
0.8622 0.7749 0.8549 0.5275 0.6917 0.5962 0.0599
0.8622 0.7735 0.8549 0.5276 0.6917 0.5963 0.0600
0.8622 0.7735 0.8549 0.5276 0.6917 0.5963 0.0600
0.8622 0.7735 0.8549 0.5276 0.6917 0.5963 0.0600
0.8622 0.7735 0.8549 0.5276 0.6917 0.5963 0.0600
0.8622 0.7749 0.8549 0.5275 0.6917 0.5962 0.0599
0.8622 0.7749 0.8549 0.5275 0.6917 0.5962 0.0599
0.8622 0.7749 0.8549 0.5275 0.6917 0.5962 0.0599
0.8622 0.7749 0.8549 0.5275 0.6917 0.5962 0.0599
0.8622 0.7735 0.8549 0.5276 0.6917 0.5963 0.0600
pathbased
0.8733 0.6991 0.8518 0.6410 0.7813 0.6692 0.0800
0.8833 0.7123 0.8614 0.6590 0.7945 0.6899 0.0737
0.8733 0.6991 0.8518 0.6410 0.7813 0.6692 0.0800
0.8733 0.6991 0.8518 0.6410 0.7813 0.6692 0.0800
0.8733 0.6991 0.8518 0.6410 0.7813 0.6692 0.0800
0.8733 0.6991 0.8518 0.6410 0.7813 0.6692 0.0800
0.8733 0.6991 0.8518 0.6410 0.7813 0.6692 0.0800
0.8767 0.7053 0.8553 0.6476 0.7862 0.6768 0.0778
0.8833 0.7123 0.8614 0.6590 0.7945 0.6899 0.0737
0.8733 0.6991 0.8518 0.6410 0.7813 0.6692 0.0800
spiral
1.0000 1.0000 1.0000 1.0000 1.0000 1.0000 0.0000
1.0000 1.0000 1.0000 1.0000 1.0000 1.0000 0.0000
1.0000 1.0000 1.0000 1.0000 1.0000 1.0000 0.0000
1.0000 1.0000 1.0000 1.0000 1.0000 1.0000 0.0000
1.0000 1.0000 1.0000 1.0000 1.0000 1.0000 0.0000
1.0000 1.0000 1.0000 1.0000 1.0000 1.0000 0.0000
1.0000 1.0000 1.0000 1.0000 1.0000 1.0000 0.0000
1.0000 1.0000 1.0000 1.0000 1.0000 1.0000 0.0000
1.0000 1.0000 1.0000 1.0000 1.0000 1.0000 0.0000
1.0000 1.0000 1.0000 1.0000 1.0000 1.0000 0.0000
s1
0.2744 0.2883 0.5670 0.0710 0.1950 0.0194 0.3995
0.2744 0.2872 0.5671 0.0710 0.1950 0.0194 0.3994
0.2744 0.2883 0.5670 0.0710 0.1950 0.0194 0.3995
0.2666 0.2778 0.5640 0.0701 0.1929 0.0174 0.4022
0.2758 0.2843 0.5660 0.0712 0.1956 0.0197 0.4006
0.2744 0.2872 0.5671 0.0710 0.1950 0.0194 0.3994
0.2744 0.2872 0.5671 0.0710 0.1950 0.0194 0.3994
0.2744 0.2872 0.5671 0.0710 0.1950 0.0194 0.3994
0.2744 0.2883 0.5670 0.0710 0.1950 0.0194 0.3995
0.2744 0.2883 0.5670 0.0710 0.1950 0.0194 0.3995
iris
0.9000 0.7981 0.8859 0.7119 0.8321 0.7455 0.0671
0.9000 0.7981 0.8859 0.7119 0.8321 0.7455 0.0671
0.9000 0.7981 0.8859 0.7119 0.8321 0.7455 0.0671
0.9000 0.7981 0.8859 0.7119 0.8321 0.7455 0.0671
0.9000 0.7981 0.8859 0.7119 0.8321 0.7455 0.0671
0.9000 0.7981 0.8859 0.7119 0.8321 0.7455 0.0671
0.9000 0.7981 0.8859 0.7119 0.8321 0.7455 0.0671
0.9000 0.7981 0.8859 0.7119 0.8321 0.7455 0.0671
0.9000 0.7981 0.8859 0.7119 0.8321 0.7455 0.0671
0.9000 0.7981 0.8859 0.7119 0.8321 0.7455 0.0671
ionosphere
0.6439 0.0259 0.5401 0.5384 0.7331 0.0045 0.4579
0.6439 0.0259 0.5401 0.5384 0.7331 0.0045 0.4579
0.6439 0.0259 0.5401 0.5384 0.7331 0.0045 0.4579
0.6439 0.0259 0.5401 0.5384 0.7331 0.0045 0.4579
0.6439 0.0259 0.5401 0.5384 0.7331 0.0045 0.4579
0.6439 0.0259 0.5401 0.5384 0.7331 0.0045 0.4579
0.6439 0.0259 0.5401 0.5384 0.7331 0.0045 0.4579
0.6439 0.0259 0.5401 0.5384 0.7331 0.0045 0.4579
0.6439 0.0259 0.5401 0.5384 0.7331 0.0045 0.4579
0.6439 0.0259 0.5401 0.5384 0.7331 0.0045 0.4579
wine
0.7079 0.4179 0.7175 0.4091 0.5806 0.3676 0.1402
0.7079 0.4179 0.7175 0.4091 0.5806 0.3676 0.1402
0.7079 0.4179 0.7175 0.4091 0.5806 0.3676 0.1402
0.7079 0.4179 0.7175 0.4091 0.5806 0.3676 0.1402
0.7079 0.4179 0.7175 0.4091 0.5806 0.3676 0.1402
0.7079 0.4179 0.7175 0.4091 0.5806 0.3676 0.1402
0.7079 0.4179 0.7175 0.4091 0.5806 0.3676 0.1402
0.7079 0.4179 0.7175 0.4091 0.5806 0.3676 0.1402
0.7079 0.4179 0.7175 0.4091 0.5806 0.3676 0.1402
0.7079 0.4179 0.7175 0.4091 0.5806 0.3676 0.1402
diabetes
0.6510 0.0004 0.4994 0.3522 0.5214 -0.0011 0.2276
0.6510 0.0004 0.4994 0.3522 0.5214 -0.0011 0.2276
0.6510 0.0004 0.4994 0.3522 0.5214 -0.0011 0.2276
0.6510 0.0004 0.4994 0.3522 0.5214 -0.0011 0.2276
0.6510 0.0004 0.4994 0.3522 0.5214 -0.0011 0.2276
0.6510 0.0004 0.4994 0.3522 0.5214 -0.0011 0.2276
0.6510 0.0004 0.4994 0.3522 0.5214 -0.0011 0.2276
0.6510 0.0004 0.4994 0.3522 0.5214 -0.0011 0.2276
0.6510 0.0004 0.4994 0.3522 0.5214 -0.0011 0.2276
0.6510 0.0004 0.4994 0.3522 0.5214 -0.0011 0.2276
segmentation
0.6429 0.6219 0.8488 0.3506 0.5228 0.4309 0.0941
0.6429 0.6219 0.8488 0.3506 0.5228 0.4309 0.0941
0.6476 0.6247 0.8493 0.3536 0.5263 0.4345 0.0944
0.6429 0.6219 0.8488 0.3506 0.5228 0.4309 0.0941
0.6429 0.6219 0.8488 0.3506 0.5228 0.4309 0.0941
0.6619 0.6484 0.8507 0.3699 0.5458 0.4531 0.0982
0.6429 0.6219 0.8488 0.3506 0.5228 0.4309 0.0941
0.6429 0.6219 0.8488 0.3506 0.5228 0.4309 0.0941
0.6476 0.6247 0.8493 0.3536 0.5263 0.4345 0.0944
0.6429 0.6219 0.8488 0.3506 0.5228 0.4309 0.0941
glass
0.4720 0.3344 0.4798 0.3059 0.5305 0.1404 0.4897
0.4720 0.3344 0.4798 0.3059 0.5305 0.1404 0.4897
0.4720 0.3344 0.4798 0.3059 0.5305 0.1404 0.4897
0.4720 0.3344 0.4798 0.3059 0.5305 0.1404 0.4897
0.4673 0.3215 0.4716 0.3020 0.5265 0.1317 0.4972
0.4720 0.3344 0.4798 0.3059 0.5305 0.1404 0.4897
0.4673 0.3215 0.4716 0.3020 0.5265 0.1317 0.4972
0.4720 0.3344 0.4798 0.3059 0.5305 0.1404 0.4897
0.4720 0.3344 0.4798 0.3059 0.5305 0.1404 0.4897
0.4720 0.3344 0.4798 0.3059 0.5305 0.1404 0.4897
wdbc
0.8207 0.4056 0.7052 0.5557 0.7148 0.4104 0.1319
0.8207 0.4056 0.7052 0.5557 0.7148 0.4104 0.1319
0.8207 0.4056 0.7052 0.5557 0.7148 0.4104 0.1319
0.8207 0.4056 0.7052 0.5557 0.7148 0.4104 0.1319
0.8207 0.4056 0.7052 0.5557 0.7148 0.4104 0.1319
0.8207 0.4056 0.7052 0.5557 0.7148 0.4104 0.1319
0.8207 0.4056 0.7052 0.5557 0.7148 0.4104 0.1319
0.8207 0.4056 0.7052 0.5557 0.7148 0.4104 0.1319
0.8207 0.4056 0.7052 0.5557 0.7148 0.4104 0.1319
0.8207 0.4056 0.7052 0.5557 0.7148 0.4104 0.1319
wpbc
0.7629 0.0099 0.5282 0.4714 0.6411 -0.0445 0.2563
0.7629 0.0099 0.5282 0.4714 0.6411 -0.0445 0.2563
0.7629 0.0099 0.5282 0.4714 0.6411 -0.0445 0.2563
0.7629 0.0099 0.5282 0.4714 0.6411 -0.0445 0.2563
0.7629 0.0099 0.5282 0.4714 0.6411 -0.0445 0.2563
0.7629 0.0099 0.5282 0.4714 0.6411 -0.0445 0.2563
0.7629 0.0099 0.5282 0.4714 0.6411 -0.0445 0.2563
0.7629 0.0099 0.5282 0.4714 0.6411 -0.0445 0.2563
0.7629 0.0099 0.5282 0.4714 0.6411 -0.0445 0.2563
0.7629 0.0099 0.5282 0.4714 0.6411 -0.0445 0.2563
