jain
1.0000 1.0000 1.0000 1.0000 1.0000 1.0000 0.0000
0.9223 0.6456 0.8562 0.7804 0.8779 0.7055 0.0405
0.9920 0.9303 0.9840 0.9741 0.9869 0.9664 0.0042
1.0000 1.0000 1.0000 1.0000 1.0000 1.0000 0.0000
1.0000 1.0000 1.0000 1.0000 1.0000 1.0000 0.0000
0.9946 0.9497 0.9893 0.9827 0.9913 0.9775 0.0028
0.9946 0.9497 0.9893 0.9827 0.9913 0.9775 0.0028
1.0000 1.0000 1.0000 1.0000 1.0000 1.0000 0.0000
1.0000 1.0000 1.0000 1.0000 1.0000 1.0000 0.0000
0.9946 0.9497 0.9893 0.9827 0.9913 0.9775 0.0028
R15
0.8800 0.9278 0.9770 0.7166 0.8366 0.8226 0.0159
0.8433 0.9116 0.9725 0.6809 0.8143 0.7955 0.0210
0.8567 0.9055 0.9712 0.6586 0.7961 0.7788 0.0193
0.8650 0.9051 0.9729 0.6735 0.8065 0.7904 0.0179
0.7783 0.8759 0.9600 0.5775 0.7382 0.7109 0.0296
0.8783 0.9199 0.9758 0.7029 0.8270 0.8126 0.0163
0.8600 0.9245 0.9743 0.6926 0.8211 0.8046 0.0186
0.8817 0.9250 0.9768 0.7135 0.8345 0.8204 0.0160
0.8717 0.9138 0.9743 0.6881 0.8169 0.8015 0.0174
0.8750 0.9168 0.9752 0.6961 0.8223 0.8075 0.0165
D31
0.7632 0.8619 0.9771 0.5147 0.6835 0.6678 0.0153
0.7503 0.8590 0.9764 0.5023 0.6723 0.6566 0.0155
0.7616 0.8687 0.9785 0.5320 0.6975 0.6834 0.0140
0.7442 0.8713 0.9768 0.5229 0.6931 0.6749 0.0166
0.7316 0.8590 0.9756 0.4953 0.6670 0.6499 0.0164
0.7445 0.8732 0.9753 0.5054 0.6792 0.6589 0.0180
0.7326 0.8602 0.9742 0.4875 0.6627 0.6423 0.0185
0.7629 0.8782 0.9786 0.5459 0.7115 0.6953 0.0151
0.7461 0.8699 0.9765 0.5153 0.6859 0.6681 0.0165
0.7603 0.8813 0.9787 0.5457 0.7111 0.6952 0.0149
Aggregation
0.9505 0.8781 0.9234 0.6676 0.8072 0.7542 0.0139
0.9518 0.8856 0.9285 0.6862 0.8205 0.7705 0.0114
0.9518 0.8867 0.9271 0.6816 0.8171 0.7664 0.0123
0.9518 0.8841 0.9276 0.6828 0.8182 0.7676 0.0116
0.9518 0.8905 0.9279 0.6850 0.8192 0.7692 0.0124
0.9518 0.9080 0.9446 0.7532 0.8635 0.8251 0.0081
0.9505 0.8878 0.9314 0.6986 0.8287 0.7809 0.0109
0.9543 0.9043 0.9360 0.7177 0.8409 0.7965 0.0102
0.9518 0.8910 0.9345 0.7107 0.8367 0.7909 0.0100
0.9505 0.8868 0.9329 0.7036 0.8323 0.7852 0.0099
flame
0.9875 0.8991 0.9752 0.9549 0.9769 0.9501 0.0136
0.9875 0.8991 0.9752 0.9549 0.9769 0.9501 0.0136
0.9833 0.8752 0.9671 0.9402 0.9692 0.9339 0.0142
0.9875 0.8991 0.9752 0.9549 0.9769 0.9501 0.0136
0.9792 0.8470 0.9590 0.9265 0.9619 0.9176 0.0217
0.9792 0.8533 0.9590 0.9259 0.9616 0.9177 0.0172
0.9875 0.8991 0.9752 0.9549 0.9769 0.9501 0.0136
0.9917 0.9269 0.9834 0.9695 0.9845 0.9666 0.0083
0.9917 0.9269 0.9834 0.9695 0.9845 0.9666 0.0083
0.9917 0.9359 0.9834 0.9694 0.9845 0.9667 0.0061
Compound
0.8647 0.8070 0.8588 0.5390 0.7013 0.6083 0.0591
0.8697 0.8210 0.8611 0.5460 0.7070 0.6156 0.0587
0.8647 0.8074 0.8593 0.5407 0.7027 0.6101 0.0591
0.8697 0.8125 0.8608 0.5439 0.7054 0.6138 0.0579
0.8697 0.8199 0.8621 0.5486 0.7092 0.6184 0.0584
0.8672 0.8154 0.8613 0.5464 0.7074 0.6161 0.0586
0.8672 0.8111 0.8596 0.5394 0.7018 0.6094 0.0577
0.8672 0.8081 0.8602 0.5417 0.7037 0.6117 0.0580
0.8697 0.8133 0.8620 0.5477 0.7085 0.6177 0.0578
0.8346 0.7357 0.8415 0.4605 0.6380 0.5326 0.0467
pathbased
0.8067 0.6077 0.7914 0.5421 0.7040 0.5430 0.1227
0.8067 0.5481 0.7912 0.5284 0.6915 0.5337 0.1099
0.7867 0.5340 0.7742 0.5081 0.6743 0.5015 0.1262
0.7900 0.5291 0.7786 0.5094 0.6751 0.5072 0.1185
0.7967 0.5506 0.7840 0.5197 0.6842 0.5200 0.1169
0.7800 0.5266 0.7719 0.5035 0.6703 0.4959 0.1267
0.7700 0.5207 0.7641 0.4906 0.6586 0.4785 0.1301
0.7933 0.5418 0.7816 0.5134 0.6786 0.5132 0.1160
0.7867 0.5759 0.7767 0.5211 0.6865 0.5132 0.1335
0.8000 0.5887 0.7862 0.5334 0.6967 0.5316 0.1253
spiral
0.5897 0.2555 0.6203 0.3171 0.4837 0.1862 0.2247
0.6474 0.3311 0.6783 0.3511 0.5198 0.2780 0.1644
0.6250 0.2754 0.6521 0.3304 0.4971 0.2315 0.1882
0.6186 0.2507 0.6098 0.3220 0.4912 0.1806 0.2441
0.5865 0.3138 0.5392 0.3230 0.5062 0.1194 0.3493
0.6122 0.3280 0.6333 0.3325 0.5013 0.2139 0.2180
0.5994 0.3488 0.5486 0.3283 0.5116 0.1330 0.3407
0.5962 0.2742 0.6270 0.3143 0.4796 0.1904 0.2127
0.6154 0.3668 0.5649 0.3355 0.5179 0.1544 0.3235
0.5577 0.3067 0.5108 0.3175 0.5049 0.0909 0.3854
s1
0.9816 0.9748 0.9955 0.9348 0.9663 0.9639 0.0023
0.9434 0.9603 0.9896 0.8606 0.9257 0.9196 0.0077
0.9918 0.9825 0.9978 0.9680 0.9837 0.9826 0.0011
0.9310 0.9626 0.9883 0.8462 0.9178 0.9104 0.0094
0.9314 0.9641 0.9884 0.8474 0.9187 0.9111 0.0096
0.9308 0.9642 0.9888 0.8525 0.9217 0.9144 0.0094
0.9312 0.9645 0.9889 0.8538 0.9225 0.9152 0.0093
0.9940 0.9869 0.9984 0.9764 0.9881 0.9872 0.0008
0.9302 0.9618 0.9881 0.8441 0.9166 0.9091 0.0094
0.9926 0.9840 0.9980 0.9710 0.9853 0.9842 0.0010
iris
0.9000 0.7777 0.8859 0.7100 0.8306 0.7445 0.0646
0.9000 0.7777 0.8859 0.7100 0.8306 0.7445 0.0646
0.8400 0.7224 0.8368 0.6223 0.7686 0.6423 0.1033
0.9733 0.9011 0.9656 0.9007 0.9478 0.9222 0.0174
0.9067 0.7857 0.8923 0.7232 0.8395 0.7583 0.0603
0.9667 0.8851 0.9575 0.8787 0.9355 0.9038 0.0217
0.8933 0.7582 0.8797 0.6959 0.8208 0.7302 0.0666
0.9600 0.8623 0.9495 0.8575 0.9233 0.8857 0.0252
0.8933 0.7582 0.8797 0.6959 0.8208 0.7302 0.0666
0.9600 0.8705 0.9495 0.8578 0.9234 0.8858 0.0260
ionosphere
0.6467 0.0400 0.5418 0.4043 0.5758 0.0776 0.2308
0.6496 0.0426 0.5434 0.4052 0.5767 0.0812 0.2291
0.6496 0.0435 0.5434 0.4039 0.5754 0.0817 0.2275
0.6524 0.0463 0.5452 0.4049 0.5764 0.0854 0.2258
0.6467 0.0400 0.5418 0.4043 0.5758 0.0776 0.2308
0.6467 0.0400 0.5418 0.4043 0.5758 0.0776 0.2308
0.6866 0.0910 0.5684 0.4171 0.5889 0.1354 0.2020
0.6553 0.0472 0.5469 0.4084 0.5799 0.0882 0.2274
0.6980 0.1111 0.5772 0.4232 0.5950 0.1538 0.1945
0.6496 0.0435 0.5434 0.4039 0.5754 0.0817 0.2275
wine
0.7416 0.4188 0.7435 0.4460 0.6169 0.4242 0.1250
0.7191 0.3913 0.7350 0.4357 0.6069 0.4070 0.1317
0.7135 0.4228 0.7362 0.4498 0.6207 0.4185 0.1415
0.7135 0.3856 0.7268 0.4192 0.5908 0.3857 0.1324
0.7303 0.4142 0.7301 0.4255 0.5970 0.3941 0.1318
0.7079 0.3911 0.7332 0.4414 0.6125 0.4091 0.1397
0.7247 0.3948 0.7334 0.4294 0.6009 0.4007 0.1293
0.7247 0.4110 0.7324 0.4290 0.6004 0.3992 0.1307
0.7079 0.3787 0.7164 0.4094 0.5809 0.3666 0.1423
0.7135 0.3883 0.7329 0.4333 0.6046 0.4029 0.1334
diabetes
0.6510 0.0006 0.4997 0.3522 0.5215 -0.0005 0.2273
0.6510 0.0008 0.4998 0.3523 0.5216 -0.0002 0.2272
0.6510 0.0009 0.4999 0.3524 0.5217 -0.0000 0.2272
0.6510 0.0008 0.4998 0.3523 0.5216 -0.0002 0.2272
0.6510 0.0009 0.4999 0.3524 0.5217 -0.0000 0.2272
0.6510 0.0008 0.4998 0.3523 0.5216 -0.0002 0.2272
0.6510 0.0009 0.4999 0.3524 0.5217 -0.0000 0.2272
0.6510 0.0007 0.4998 0.3523 0.5215 -0.0004 0.2273
0.6510 0.0008 0.4998 0.3523 0.5216 -0.0002 0.2272
0.6510 0.0008 0.4998 0.3523 0.5216 -0.0002 0.2272
segmentation
0.6762 0.6316 0.8771 0.4032 0.5752 0.5030 0.0673
0.6714 0.6696 0.8524 0.3776 0.5546 0.4624 0.0985
0.7095 0.6353 0.8802 0.4140 0.5861 0.5158 0.0656
0.7333 0.6878 0.8812 0.4420 0.6159 0.5436 0.0742
0.6762 0.6444 0.8624 0.3846 0.5585 0.4751 0.0848
0.7381 0.6810 0.8840 0.4473 0.6205 0.5504 0.0711
0.6952 0.6062 0.8763 0.3965 0.5681 0.4958 0.0663
0.6762 0.6277 0.8720 0.3966 0.5691 0.4933 0.0733
0.6810 0.6496 0.8651 0.3918 0.5659 0.4842 0.0830
0.6524 0.6320 0.8479 0.3575 0.5317 0.4381 0.0979
glass
0.6355 0.3819 0.7320 0.2687 0.4266 0.2522 0.1066
0.6402 0.3816 0.7319 0.2713 0.4295 0.2547 0.1081
0.6262 0.3700 0.7157 0.2632 0.4176 0.2298 0.1261
0.6449 0.3794 0.7302 0.2667 0.4239 0.2483 0.1081
0.6449 0.3888 0.7245 0.2767 0.4345 0.2527 0.1211
0.6215 0.3734 0.7222 0.2686 0.4247 0.2419 0.1200
0.6215 0.3874 0.7053 0.2587 0.4114 0.2150 0.1377
0.6449 0.3802 0.7220 0.2662 0.4219 0.2392 0.1191
0.6495 0.3895 0.7313 0.2740 0.4324 0.2567 0.1103
0.6542 0.3901 0.7330 0.2764 0.4354 0.2609 0.1093
wdbc
0.9121 0.5754 0.8394 0.7454 0.8546 0.6760 0.0991
0.9121 0.5791 0.8394 0.7459 0.8551 0.6759 0.1005
0.9121 0.5754 0.8394 0.7454 0.8546 0.6760 0.0991
0.9086 0.5686 0.8336 0.7386 0.8503 0.6641 0.1047
0.9104 0.5738 0.8365 0.7422 0.8527 0.6700 0.1026
0.9121 0.5754 0.8394 0.7454 0.8546 0.6760 0.0991
0.9086 0.5584 0.8336 0.7369 0.8490 0.6644 0.1007
0.9069 0.5596 0.8308 0.7344 0.8474 0.6584 0.1055
0.9121 0.5754 0.8394 0.7454 0.8546 0.6760 0.0991
0.9051 0.5583 0.8279 0.7313 0.8456 0.6524 0.1089
wpbc
0.7629 0.0280 0.5210 0.4083 0.5838 0.0399 0.1733
0.7629 0.0283 0.5167 0.4032 0.5789 0.0334 0.1735
0.7629 0.0274 0.5017 0.3918 0.5668 0.0014 0.1829
0.7629 0.0265 0.5147 0.4012 0.5769 0.0298 0.1741
0.7629 0.0213 0.5128 0.3999 0.5755 0.0257 0.1754
0.7629 0.0292 0.5094 0.3960 0.5716 0.0202 0.1758
0.7629 0.0262 0.5188 0.4060 0.5816 0.0361 0.1738
0.7629 0.0299 0.5064 0.3939 0.5694 0.0135 0.1780
0.7629 0.0274 0.5017 0.3918 0.5668 0.0014 0.1829
0.7629 0.0265 0.5147 0.4012 0.5769 0.0298 0.1741
