jain
0.9898 0.9425
0.0239 0.1080
R15
0.8590 0.9126
0.0308 0.0151
D31
0.7497 0.8683
0.0120 0.0081
Aggregation
0.9516 0.8903
0.0011 0.0091
flame
0.9867 0.8961
0.0047 0.0302
Compound
0.8644 0.8051
0.0107 0.0249
pathbased
0.7917 0.5523
0.0116 0.0291
spiral
0.6048 0.3051
0.0246 0.0398
s1
0.9558 0.9706
0.0299 0.0104
iris
0.9193 0.8099
0.0435 0.0633
ionosphere
0.6581 0.0545
0.0184 0.0251
wine
0.7197 0.3997
0.0107 0.0155
diabetes
0.6510 0.0008
0.0000 0.0001
segmentation
0.6910 0.6465
0.0279 0.0258
glass
0.6383 0.3822
0.0117 0.0069
wdbc
0.9100 0.5699
0.0026 0.0081
wpbc
0.7629 0.0271
0.0000 0.0024
