jain
0.9491 0.7289 0.9031 0.8487 0.9188 0.7997 0.0266
0.9491 0.7289 0.9031 0.8487 0.9188 0.7997 0.0266
0.9491 0.7289 0.9031 0.8487 0.9188 0.7997 0.0266
0.9491 0.7289 0.9031 0.8487 0.9188 0.7997 0.0266
0.9491 0.7289 0.9031 0.8487 0.9188 0.7997 0.0266
0.9491 0.7289 0.9031 0.8487 0.9188 0.7997 0.0266
0.9491 0.7289 0.9031 0.8487 0.9188 0.7997 0.0266
0.9491 0.7289 0.9031 0.8487 0.9188 0.7997 0.0266
0.9491 0.7289 0.9031 0.8487 0.9188 0.7997 0.0266
0.9491 0.7289 0.9031 0.8487 0.9188 0.7997 0.0266
R15
0.9967 0.9942 0.9991 0.9866 0.9932 0.9928 0.0004
0.9967 0.9942 0.9991 0.9866 0.9932 0.9928 0.0004
0.9967 0.9942 0.9991 0.9866 0.9932 0.9928 0.0004
0.9967 0.9942 0.9991 0.9866 0.9932 0.9928 0.0004
0.9967 0.9942 0.9991 0.9866 0.9932 0.9928 0.0004
0.9967 0.9942 0.9991 0.9866 0.9932 0.9928 0.0004
0.9967 0.9942 0.9991 0.9866 0.9932 0.9928 0.0004
0.9967 0.9942 0.9991 0.9866 0.9932 0.9928 0.0004
0.9967 0.9942 0.9991 0.9866 0.9932 0.9928 0.0004
0.9967 0.9942 0.9991 0.9866 0.9932 0.9928 0.0004
D31
0.9768 0.9674 0.9971 0.9128 0.9544 0.9529 0.0015
0.9765 0.9674 0.9970 0.9116 0.9538 0.9522 0.0015
0.9768 0.9677 0.9971 0.9129 0.9545 0.9529 0.0015
0.9768 0.9677 0.9971 0.9129 0.9545 0.9529 0.0015
0.9768 0.9674 0.9971 0.9128 0.9544 0.9529 0.0015
0.9768 0.9677 0.9971 0.9129 0.9545 0.9529 0.0015
0.9768 0.9679 0.9971 0.9128 0.9544 0.9529 0.0015
0.9768 0.9677 0.9971 0.9129 0.9545 0.9529 0.0015
0.9768 0.9677 0.9971 0.9129 0.9545 0.9529 0.0015
0.9768 0.9679 0.9971 0.9128 0.9544 0.9529 0.0015
Aggregation
0.9937 0.9823 0.9958 0.9808 0.9903 0.9876 0.0012
0.9937 0.9823 0.9958 0.9808 0.9903 0.9876 0.0012
0.9937 0.9823 0.9958 0.9808 0.9903 0.9876 0.0012
0.9937 0.9823 0.9958 0.9808 0.9903 0.9876 0.0012
0.9937 0.9823 0.9958 0.9808 0.9903 0.9876 0.0012
0.9937 0.9823 0.9958 0.9808 0.9903 0.9876 0.0012
0.9937 0.9823 0.9958 0.9808 0.9903 0.9876 0.0012
0.9937 0.9823 0.9958 0.9808 0.9903 0.9876 0.0012
0.9937 0.9823 0.9958 0.9808 0.9903 0.9876 0.0012
0.9937 0.9823 0.9958 0.9808 0.9903 0.9876 0.0012
flame
0.9875 0.8991 0.9752 0.9549 0.9769 0.9501 0.0136
0.9875 0.8991 0.9752 0.9549 0.9769 0.9501 0.0136
0.9875 0.8991 0.9752 0.9549 0.9769 0.9501 0.0136
0.9875 0.8991 0.9752 0.9549 0.9769 0.9501 0.0136
0.9875 0.8991 0.9752 0.9549 0.9769 0.9501 0.0136
0.9875 0.8991 0.9752 0.9549 0.9769 0.9501 0.0136
0.9875 0.8991 0.9752 0.9549 0.9769 0.9501 0.0136
0.9875 0.8991 0.9752 0.9549 0.9769 0.9501 0.0136
0.9875 0.8991 0.9752 0.9549 0.9769 0.9501 0.0136
0.9875 0.8991 0.9752 0.9549 0.9769 0.9501 0.0136
Compound
0.8722 0.8357 0.8661 0.5618 0.7199 0.6316 0.0584
0.8722 0.8357 0.8661 0.5618 0.7199 0.6316 0.0584
0.8722 0.8357 0.8661 0.5618 0.7199 0.6316 0.0584
0.8722 0.8357 0.8661 0.5618 0.7199 0.6316 0.0584
0.8722 0.8357 0.8661 0.5618 0.7199 0.6316 0.0584
0.8722 0.8357 0.8661 0.5618 0.7199 0.6316 0.0584
0.8722 0.8357 0.8661 0.5618 0.7199 0.6316 0.0584
0.8722 0.8357 0.8661 0.5618 0.7199 0.6316 0.0584
0.8722 0.8357 0.8661 0.5618 0.7199 0.6316 0.0584
0.8722 0.8357 0.8661 0.5618 0.7199 0.6316 0.0584
pathbased
0.8900 0.7490 0.8702 0.6785 0.8086 0.7104 0.0707
0.8900 0.7490 0.8702 0.6785 0.8086 0.7104 0.0707
0.8933 0.7529 0.8735 0.6848 0.8130 0.7174 0.0686
0.8933 0.7529 0.8735 0.6848 0.8130 0.7174 0.0686
0.8900 0.7490 0.8702 0.6785 0.8086 0.7104 0.0707
0.8900 0.7490 0.8702 0.6785 0.8086 0.7104 0.0707
0.8900 0.7490 0.8702 0.6785 0.8086 0.7104 0.0707
0.8900 0.7490 0.8702 0.6785 0.8086 0.7104 0.0707
0.8900 0.7490 0.8702 0.6785 0.8086 0.7104 0.0707
0.8900 0.7490 0.8702 0.6785 0.8086 0.7104 0.0707
spiral
1.0000 1.0000 1.0000 1.0000 1.0000 1.0000 0.0000
1.0000 1.0000 1.0000 1.0000 1.0000 1.0000 0.0000
1.0000 1.0000 1.0000 1.0000 1.0000 1.0000 0.0000
1.0000 1.0000 1.0000 1.0000 1.0000 1.0000 0.0000
1.0000 1.0000 1.0000 1.0000 1.0000 1.0000 0.0000
1.0000 1.0000 1.0000 1.0000 1.0000 1.0000 0.0000
1.0000 1.0000 1.0000 1.0000 1.0000 1.0000 0.0000
1.0000 1.0000 1.0000 1.0000 1.0000 1.0000 0.0000
1.0000 1.0000 1.0000 1.0000 1.0000 1.0000 0.0000
1.0000 1.0000 1.0000 1.0000 1.0000 1.0000 0.0000
s1
0.2794 0.2751 0.6326 0.0710 0.1821 0.0228 0.3289
0.2794 0.2724 0.6356 0.0709 0.1811 0.0228 0.3255
0.2794 0.2724 0.6356 0.0709 0.1811 0.0228 0.3255
0.2796 0.2715 0.6350 0.0709 0.1813 0.0228 0.3262
0.2794 0.2724 0.6356 0.0709 0.1811 0.0228 0.3255
0.2794 0.2751 0.6326 0.0710 0.1821 0.0228 0.3289
0.2794 0.2751 0.6326 0.0710 0.1821 0.0228 0.3289
0.2798 0.2737 0.6330 0.0709 0.1818 0.0227 0.3284
0.2798 0.2739 0.6333 0.0709 0.1817 0.0228 0.3280
0.2796 0.2729 0.6351 0.0707 0.1808 0.0225 0.3260
iris
0.9067 0.8058 0.8923 0.7248 0.8407 0.7592 0.0626
0.9067 0.8058 0.8923 0.7248 0.8407 0.7592 0.0626
0.9067 0.8058 0.8923 0.7248 0.8407 0.7592 0.0626
0.9067 0.8058 0.8923 0.7248 0.8407 0.7592 0.0626
0.9067 0.8058 0.8923 0.7248 0.8407 0.7592 0.0626
0.9067 0.8058 0.8923 0.7248 0.8407 0.7592 0.0626
0.9067 0.8058 0.8923 0.7248 0.8407 0.7592 0.0626
0.9067 0.8058 0.8923 0.7248 0.8407 0.7592 0.0626
0.9067 0.8058 0.8923 0.7248 0.8407 0.7592 0.0626
0.9067 0.8058 0.8923 0.7248 0.8407 0.7592 0.0626
ionosphere
0.6952 0.1085 0.5750 0.4208 0.5927 0.1494 0.1954
0.6952 0.1085 0.5750 0.4208 0.5927 0.1494 0.1954
0.6952 0.1085 0.5750 0.4208 0.5927 0.1494 0.1954
0.6952 0.1085 0.5750 0.4208 0.5927 0.1494 0.1954
0.6952 0.1085 0.5750 0.4208 0.5927 0.1494 0.1954
0.6952 0.1085 0.5750 0.4208 0.5927 0.1494 0.1954
0.6952 0.1085 0.5750 0.4208 0.5927 0.1494 0.1954
0.6952 0.1085 0.5750 0.4208 0.5927 0.1494 0.1954
0.6952 0.1085 0.5750 0.4208 0.5927 0.1494 0.1954
0.6952 0.1085 0.5750 0.4208 0.5927 0.1494 0.1954
wine
0.7135 0.4199 0.7128 0.4047 0.5762 0.3591 0.1445
0.7135 0.4199 0.7128 0.4047 0.5762 0.3591 0.1445
0.7135 0.4199 0.7128 0.4047 0.5762 0.3591 0.1445
0.7135 0.4199 0.7128 0.4047 0.5762 0.3591 0.1445
0.7135 0.4199 0.7128 0.4047 0.5762 0.3591 0.1445
0.7135 0.4199 0.7128 0.4047 0.5762 0.3591 0.1445
0.7135 0.4199 0.7128 0.4047 0.5762 0.3591 0.1445
0.7135 0.4199 0.7128 0.4047 0.5762 0.3591 0.1445
0.7135 0.4199 0.7128 0.4047 0.5762 0.3591 0.1445
0.7135 0.4199 0.7128 0.4047 0.5762 0.3591 0.1445
diabetes
0.6510 0.0038 0.5211 0.4199 0.5929 0.0197 0.2805
0.6510 0.0038 0.5211 0.4199 0.5929 0.0197 0.2805
0.6510 0.0038 0.5211 0.4199 0.5929 0.0197 0.2805
0.6510 0.0038 0.5211 0.4199 0.5929 0.0197 0.2805
0.6510 0.0038 0.5211 0.4199 0.5929 0.0197 0.2805
0.6510 0.0038 0.5211 0.4199 0.5929 0.0197 0.2805
0.6510 0.0038 0.5211 0.4199 0.5929 0.0197 0.2805
0.6510 0.0038 0.5211 0.4199 0.5929 0.0197 0.2805
0.6510 0.0038 0.5211 0.4199 0.5929 0.0197 0.2805
0.6510 0.0038 0.5211 0.4199 0.5929 0.0197 0.2805
segmentation
0.6476 0.6010 0.8622 0.3611 0.5314 0.4501 0.0769
0.6476 0.6010 0.8622 0.3611 0.5314 0.4501 0.0769
0.6476 0.6010 0.8622 0.3611 0.5314 0.4501 0.0769
0.6476 0.6010 0.8622 0.3611 0.5314 0.4501 0.0769
0.6571 0.6013 0.8627 0.3616 0.5318 0.4509 0.0764
0.6476 0.6010 0.8622 0.3611 0.5314 0.4501 0.0769
0.6476 0.6010 0.8622 0.3611 0.5314 0.4501 0.0769
0.6571 0.6013 0.8627 0.3616 0.5318 0.4509 0.0764
0.6476 0.6010 0.8622 0.3611 0.5314 0.4501 0.0769
0.6571 0.6013 0.8627 0.3616 0.5318 0.4509 0.0764
glass
0.6168 0.3504 0.7144 0.2194 0.3648 0.1824 0.1061
0.6168 0.3504 0.7144 0.2194 0.3648 0.1824 0.1061
0.6168 0.3504 0.7144 0.2194 0.3648 0.1824 0.1061
0.6168 0.3504 0.7144 0.2194 0.3648 0.1824 0.1061
0.6168 0.3504 0.7144 0.2194 0.3648 0.1824 0.1061
0.6168 0.3504 0.7144 0.2194 0.3648 0.1824 0.1061
0.6168 0.3504 0.7144 0.2194 0.3648 0.1824 0.1061
0.6168 0.3504 0.7144 0.2194 0.3648 0.1824 0.1061
0.6168 0.3504 0.7144 0.2194 0.3648 0.1824 0.1061
0.6168 0.3504 0.7144 0.2194 0.3648 0.1824 0.1061
wdbc
0.7329 0.1392 0.6078 0.4617 0.6317 0.2122 0.1970
0.6608 0.2076 0.5509 0.4206 0.5925 0.0939 0.2434
0.6608 0.2076 0.5509 0.4206 0.5925 0.0939 0.2434
0.6608 0.2076 0.5509 0.4206 0.5925 0.0939 0.2434
0.6608 0.2076 0.5509 0.4206 0.5925 0.0939 0.2434
0.6608 0.2076 0.5509 0.4206 0.5925 0.0939 0.2434
0.6608 0.2076 0.5509 0.4206 0.5925 0.0939 0.2434
0.6608 0.2076 0.5509 0.4206 0.5925 0.0939 0.2434
0.6608 0.2076 0.5509 0.4206 0.5925 0.0939 0.2434
0.6608 0.2076 0.5509 0.4206 0.5925 0.0939 0.2434
wpbc
0.7629 0.0133 0.5094 0.4337 0.6052 -0.0411 0.2299
0.7629 0.0133 0.5094 0.4337 0.6052 -0.0411 0.2299
0.7629 0.0133 0.5094 0.4337 0.6052 -0.0411 0.2299
0.7629 0.0133 0.5094 0.4337 0.6052 -0.0411 0.2299
0.7629 0.0133 0.5094 0.4337 0.6052 -0.0411 0.2299
0.7629 0.0133 0.5094 0.4337 0.6052 -0.0411 0.2299
0.7629 0.0133 0.5094 0.4337 0.6052 -0.0411 0.2299
0.7629 0.0133 0.5094 0.4337 0.6052 -0.0411 0.2299
0.7629 0.0133 0.5094 0.4337 0.6052 -0.0411 0.2299
0.7629 0.0133 0.5094 0.4337 0.6052 -0.0411 0.2299
