jain
0.7399 0.0386 0.5139 0.3922 0.5664 0.0281 0.1856
0.9491 0.7086 0.9031 0.8594 0.9252 0.7900 0.0756
0.7399 0.0386 0.5139 0.3922 0.5664 0.0281 0.1856
0.7399 0.0386 0.5139 0.3922 0.5664 0.0281 0.1856
0.7399 0.0386 0.5139 0.3922 0.5664 0.0281 0.1856
0.7399 0.0386 0.5139 0.3922 0.5664 0.0281 0.1856
0.7399 0.0386 0.5139 0.3922 0.5664 0.0281 0.1856
0.9491 0.7086 0.9031 0.8594 0.9252 0.7900 0.0756
0.7399 0.0386 0.5139 0.3922 0.5664 0.0281 0.1856
0.7399 0.0386 0.5139 0.3922 0.5664 0.0281 0.1856
R15
0.9950 0.9913 0.9987 0.9799 0.9898 0.9891 0.0007
0.9950 0.9913 0.9987 0.9799 0.9898 0.9891 0.0007
0.9950 0.9913 0.9987 0.9799 0.9898 0.9891 0.0007
0.9950 0.9913 0.9987 0.9799 0.9898 0.9891 0.0007
0.9950 0.9913 0.9987 0.9799 0.9898 0.9891 0.0007
0.9950 0.9913 0.9987 0.9799 0.9898 0.9891 0.0007
0.9950 0.9913 0.9987 0.9799 0.9898 0.9891 0.0007
0.9950 0.9913 0.9987 0.9799 0.9898 0.9891 0.0007
0.9950 0.9913 0.9987 0.9799 0.9898 0.9891 0.0007
0.9950 0.9913 0.9987 0.9799 0.9898 0.9891 0.0007
D31
0.9742 0.9643 0.9968 0.9038 0.9495 0.9478 0.0016
0.9745 0.9647 0.9968 0.9049 0.9501 0.9484 0.0016
0.9742 0.9643 0.9968 0.9038 0.9495 0.9478 0.0016
0.9745 0.9647 0.9968 0.9049 0.9501 0.9484 0.0016
0.9742 0.9643 0.9968 0.9038 0.9495 0.9478 0.0016
0.9742 0.9643 0.9968 0.9038 0.9495 0.9478 0.0016
0.9742 0.9643 0.9968 0.9038 0.9495 0.9478 0.0016
0.9742 0.9643 0.9968 0.9038 0.9495 0.9478 0.0016
0.9745 0.9647 0.9968 0.9049 0.9501 0.9484 0.0016
0.9742 0.9643 0.9968 0.9038 0.9495 0.9478 0.0016
Aggregation
0.9898 0.9747 0.9929 0.9675 0.9835 0.9790 0.0015
0.9898 0.9747 0.9929 0.9675 0.9835 0.9790 0.0015
0.9898 0.9747 0.9929 0.9675 0.9835 0.9790 0.0015
0.9898 0.9747 0.9929 0.9675 0.9835 0.9790 0.0015
0.9898 0.9747 0.9929 0.9675 0.9835 0.9790 0.0015
0.9898 0.9747 0.9929 0.9675 0.9835 0.9790 0.0015
0.9898 0.9747 0.9929 0.9675 0.9835 0.9790 0.0015
0.9898 0.9747 0.9929 0.9675 0.9835 0.9790 0.0015
0.9898 0.9747 0.9929 0.9675 0.9835 0.9790 0.0015
0.9898 0.9747 0.9929 0.9675 0.9835 0.9790 0.0015
flame
0.9958 0.9635 0.9917 0.9845 0.9922 0.9833 0.0030
0.9958 0.9635 0.9917 0.9845 0.9922 0.9833 0.0030
0.9958 0.9635 0.9917 0.9845 0.9922 0.9833 0.0030
0.9958 0.9635 0.9917 0.9845 0.9922 0.9833 0.0030
0.9958 0.9635 0.9917 0.9845 0.9922 0.9833 0.0030
0.9958 0.9635 0.9917 0.9845 0.9922 0.9833 0.0030
0.9958 0.9635 0.9917 0.9845 0.9922 0.9833 0.0030
0.9958 0.9635 0.9917 0.9845 0.9922 0.9833 0.0030
0.9958 0.9635 0.9917 0.9845 0.9922 0.9833 0.0030
0.9958 0.9635 0.9917 0.9845 0.9922 0.9833 0.0030
Compound
0.8722 0.8335 0.8626 0.5505 0.7108 0.6203 0.0584
0.8722 0.8335 0.8626 0.5505 0.7108 0.6203 0.0584
0.8722 0.8335 0.8626 0.5505 0.7108 0.6203 0.0584
0.8722 0.8335 0.8626 0.5505 0.7108 0.6203 0.0584
0.8722 0.8335 0.8626 0.5505 0.7108 0.6203 0.0584
0.8722 0.8335 0.8626 0.5505 0.7108 0.6203 0.0584
0.8722 0.8335 0.8626 0.5505 0.7108 0.6203 0.0584
0.8722 0.8335 0.8626 0.5505 0.7108 0.6203 0.0584
0.8722 0.8335 0.8626 0.5505 0.7108 0.6203 0.0584
0.8722 0.8335 0.8626 0.5505 0.7108 0.6203 0.0584
pathbased
0.8833 0.7496 0.8665 0.6699 0.8024 0.7016 0.0716
0.8833 0.7496 0.8665 0.6699 0.8024 0.7016 0.0716
0.8833 0.7496 0.8665 0.6699 0.8024 0.7016 0.0716
0.8833 0.7496 0.8665 0.6699 0.8024 0.7016 0.0716
0.8833 0.7496 0.8665 0.6699 0.8024 0.7016 0.0716
0.8833 0.7496 0.8665 0.6699 0.8024 0.7016 0.0716
0.8833 0.7496 0.8665 0.6699 0.8024 0.7016 0.0716
0.8833 0.7496 0.8665 0.6699 0.8024 0.7016 0.0716
0.8833 0.7496 0.8665 0.6699 0.8024 0.7016 0.0716
0.8833 0.7496 0.8665 0.6699 0.8024 0.7016 0.0716
spiral
1.0000 1.0000 1.0000 1.0000 1.0000 1.0000 0.0000
1.0000 1.0000 1.0000 1.0000 1.0000 1.0000 0.0000
1.0000 1.0000 1.0000 1.0000 1.0000 1.0000 0.0000
1.0000 1.0000 1.0000 1.0000 1.0000 1.0000 0.0000
1.0000 1.0000 1.0000 1.0000 1.0000 1.0000 0.0000
1.0000 1.0000 1.0000 1.0000 1.0000 1.0000 0.0000
1.0000 1.0000 1.0000 1.0000 1.0000 1.0000 0.0000
1.0000 1.0000 1.0000 1.0000 1.0000 1.0000 0.0000
1.0000 1.0000 1.0000 1.0000 1.0000 1.0000 0.0000
1.0000 1.0000 1.0000 1.0000 1.0000 1.0000 0.0000
s1
0.2788 0.2761 0.6301 0.0709 0.1824 0.0226 0.3316
0.2796 0.2775 0.6306 0.0711 0.1827 0.0229 0.3311
0.2790 0.2803 0.6301 0.0709 0.1823 0.0225 0.3315
0.2796 0.2731 0.6338 0.0709 0.1815 0.0227 0.3275
0.2796 0.2731 0.6338 0.0709 0.1815 0.0227 0.3275
0.2788 0.2761 0.6301 0.0709 0.1824 0.0226 0.3316
0.2786 0.2749 0.6339 0.0708 0.1814 0.0226 0.3274
0.2796 0.2731 0.6338 0.0709 0.1815 0.0227 0.3275
0.2780 0.2767 0.6275 0.0710 0.1831 0.0225 0.3344
0.2796 0.2731 0.6338 0.0709 0.1815 0.0227 0.3275
iris
0.9133 0.7388 0.8950 0.7248 0.8405 0.7623 0.0526
0.9133 0.7388 0.8950 0.7248 0.8405 0.7623 0.0526
0.9000 0.7643 0.8836 0.7043 0.8266 0.7389 0.0648
0.9067 0.7215 0.8816 0.6977 0.8220 0.7333 0.0627
0.9133 0.7388 0.8950 0.7248 0.8405 0.7623 0.0526
0.9000 0.7643 0.8836 0.7043 0.8266 0.7389 0.0648
0.9133 0.7388 0.8950 0.7248 0.8405 0.7623 0.0526
0.9133 0.7388 0.8950 0.7248 0.8405 0.7623 0.0526
0.9133 0.7388 0.8950 0.7248 0.8405 0.7623 0.0526
0.9067 0.7215 0.8816 0.6977 0.8220 0.7333 0.0627
ionosphere
0.6809 0.1861 0.5642 0.4198 0.5914 0.1247 0.2126
0.6809 0.1861 0.5642 0.4198 0.5914 0.1247 0.2126
0.8091 0.3051 0.6902 0.5419 0.7033 0.3801 0.1377
0.6809 0.1861 0.5642 0.4198 0.5914 0.1247 0.2126
0.8091 0.3051 0.6902 0.5419 0.7033 0.3801 0.1377
0.6809 0.1861 0.5642 0.4198 0.5914 0.1247 0.2126
0.6809 0.1861 0.5642 0.4198 0.5914 0.1247 0.2126
0.6809 0.1861 0.5642 0.4198 0.5914 0.1247 0.2126
0.8091 0.3051 0.6902 0.5419 0.7033 0.3801 0.1377
0.8091 0.3051 0.6902 0.5419 0.7033 0.3801 0.1377
wine
0.7135 0.4327 0.7141 0.4076 0.5792 0.3627 0.1447
0.7135 0.4327 0.7141 0.4076 0.5792 0.3627 0.1447
0.7135 0.4327 0.7141 0.4076 0.5792 0.3627 0.1447
0.7135 0.4327 0.7141 0.4076 0.5792 0.3627 0.1447
0.7135 0.4327 0.7141 0.4076 0.5792 0.3627 0.1447
0.7135 0.4327 0.7141 0.4076 0.5792 0.3627 0.1447
0.7135 0.4327 0.7141 0.4076 0.5792 0.3627 0.1447
0.7135 0.4327 0.7141 0.4076 0.5792 0.3627 0.1447
0.7135 0.4327 0.7141 0.4076 0.5792 0.3627 0.1447
0.7135 0.4327 0.7141 0.4076 0.5792 0.3627 0.1447
diabetes
0.6510 0.0002 0.5003 0.3611 0.5308 -0.0029 0.2371
0.6510 0.0002 0.5003 0.3611 0.5308 -0.0029 0.2371
0.6510 0.0002 0.5003 0.3611 0.5308 -0.0029 0.2371
0.6510 0.0002 0.5003 0.3611 0.5308 -0.0029 0.2371
0.6510 0.0002 0.5003 0.3611 0.5308 -0.0029 0.2371
0.6510 0.0002 0.5003 0.3611 0.5308 -0.0029 0.2371
0.6510 0.0002 0.5003 0.3611 0.5308 -0.0029 0.2371
0.6510 0.0002 0.5003 0.3611 0.5308 -0.0029 0.2371
0.6510 0.0002 0.5003 0.3611 0.5308 -0.0029 0.2371
0.6510 0.0002 0.5003 0.3611 0.5308 -0.0029 0.2371
segmentation
0.6429 0.6090 0.8656 0.3723 0.5434 0.4641 0.0753
0.6429 0.6090 0.8656 0.3723 0.5434 0.4641 0.0753
0.6429 0.5942 0.8645 0.3698 0.5408 0.4608 0.0763
0.6429 0.6090 0.8656 0.3723 0.5434 0.4641 0.0753
0.6429 0.5942 0.8645 0.3698 0.5408 0.4608 0.0763
0.6429 0.6090 0.8656 0.3723 0.5434 0.4641 0.0753
0.6429 0.5942 0.8645 0.3698 0.5408 0.4608 0.0763
0.6429 0.6090 0.8656 0.3723 0.5434 0.4641 0.0753
0.6429 0.6090 0.8656 0.3723 0.5434 0.4641 0.0753
0.6429 0.6090 0.8656 0.3723 0.5434 0.4641 0.0753
glass
0.6355 0.3788 0.7036 0.2726 0.4284 0.2283 0.1476
0.6355 0.3719 0.7277 0.2509 0.4053 0.2296 0.1036
0.6402 0.3782 0.7344 0.2597 0.4170 0.2457 0.0990
0.6355 0.3788 0.7036 0.2726 0.4284 0.2283 0.1476
0.6308 0.3657 0.7070 0.2653 0.4196 0.2237 0.1390
0.6355 0.3788 0.7036 0.2726 0.4284 0.2283 0.1476
0.6355 0.3719 0.7277 0.2509 0.4053 0.2296 0.1036
0.6355 0.3788 0.7036 0.2726 0.4284 0.2283 0.1476
0.6355 0.3788 0.7036 0.2726 0.4284 0.2283 0.1476
0.6355 0.3787 0.7045 0.2728 0.4287 0.2294 0.1466
wdbc
0.6292 0.1900 0.5326 0.4158 0.5885 0.0530 0.2686
0.6292 0.1900 0.5326 0.4158 0.5885 0.0530 0.2686
0.6292 0.1900 0.5326 0.4158 0.5885 0.0530 0.2686
0.6292 0.1900 0.5326 0.4158 0.5885 0.0530 0.2686
0.6292 0.1900 0.5326 0.4158 0.5885 0.0530 0.2686
0.6292 0.1900 0.5326 0.4158 0.5885 0.0530 0.2686
0.6292 0.1900 0.5326 0.4158 0.5885 0.0530 0.2686
0.6292 0.1900 0.5326 0.4158 0.5885 0.0530 0.2686
0.6292 0.1900 0.5326 0.4158 0.5885 0.0530 0.2686
0.6292 0.1900 0.5326 0.4158 0.5885 0.0530 0.2686
wpbc
0.7629 0.0058 0.4993 0.3987 0.5725 -0.0170 0.1963
0.7629 0.0058 0.4993 0.3987 0.5725 -0.0170 0.1963
0.7629 0.0058 0.4993 0.3987 0.5725 -0.0170 0.1963
0.7629 0.0058 0.4993 0.3987 0.5725 -0.0170 0.1963
0.7629 0.0058 0.4993 0.3987 0.5725 -0.0170 0.1963
0.7629 0.0058 0.4993 0.3987 0.5725 -0.0170 0.1963
0.7629 0.0058 0.4993 0.3987 0.5725 -0.0170 0.1963
0.7629 0.0058 0.4993 0.3987 0.5725 -0.0170 0.1963
0.7629 0.0058 0.4993 0.3987 0.5725 -0.0170 0.1963
0.7629 0.0058 0.4993 0.3987 0.5725 -0.0170 0.1963
