jain
0.7399 0.2275
0.0000 0.0000
R15
0.9967 0.9942
0.0000 0.0000
D31
0.9760 0.9664
0.0002 0.0003
Aggregation
0.7556 0.6897
0.0382 0.0193
flame
0.9917 0.9269
0.0000 0.0000
Compound
0.8296 0.7548
0.0000 0.0002
pathbased
0.9333 0.8285
0.0000 0.0000
spiral
0.8686 0.6415
0.0000 0.0000
s1
0.0810 0.0545
0.0000 0.0000
iris
0.9020 0.7944
0.0032 0.0060
ionosphere
0.6410 0.0203
0.0000 0.0181
wine
0.4472 0.0536
0.0174 0.0184
diabetes
0.6510 0.0160
0.0000 0.0000
segmentation
0.5271 0.4643
0.0213 0.0134
glass
0.4813 0.3230
0.0000 0.0000
wdbc
0.6942 0.1807
0.0000 0.0000
wpbc
0.7629 0.0016
0.0000 0.0000
