jain
0.7399 0.2275 0.5259 0.4176 0.5904 0.0343 0.1999
0.7399 0.2275 0.5259 0.4176 0.5904 0.0343 0.1999
0.7399 0.2275 0.5259 0.4176 0.5904 0.0343 0.1999
0.7399 0.2275 0.5259 0.4176 0.5904 0.0343 0.1999
0.7399 0.2275 0.5259 0.4176 0.5904 0.0343 0.1999
0.7399 0.2275 0.5259 0.4176 0.5904 0.0343 0.1999
0.7399 0.2275 0.5259 0.4176 0.5904 0.0343 0.1999
0.7399 0.2275 0.5259 0.4176 0.5904 0.0343 0.1999
0.7399 0.2275 0.5259 0.4176 0.5904 0.0343 0.1999
0.7399 0.2275 0.5259 0.4176 0.5904 0.0343 0.1999
R15
0.9967 0.9942 0.9991 0.9866 0.9932 0.9928 0.0004
0.9967 0.9942 0.9991 0.9866 0.9932 0.9928 0.0004
0.9967 0.9942 0.9991 0.9866 0.9932 0.9928 0.0004
0.9967 0.9942 0.9991 0.9866 0.9932 0.9928 0.0004
0.9967 0.9942 0.9991 0.9866 0.9932 0.9928 0.0004
0.9967 0.9942 0.9991 0.9866 0.9932 0.9928 0.0004
0.9967 0.9942 0.9991 0.9866 0.9932 0.9928 0.0004
0.9967 0.9942 0.9991 0.9866 0.9932 0.9928 0.0004
0.9967 0.9942 0.9991 0.9866 0.9932 0.9928 0.0004
0.9967 0.9942 0.9991 0.9866 0.9932 0.9928 0.0004
D31
0.9758 0.9661 0.9970 0.9093 0.9525 0.9509 0.0015
0.9761 0.9666 0.9970 0.9104 0.9531 0.9516 0.0015
0.9761 0.9666 0.9970 0.9104 0.9531 0.9516 0.0015
0.9761 0.9666 0.9970 0.9104 0.9531 0.9516 0.0015
0.9761 0.9666 0.9970 0.9104 0.9531 0.9516 0.0015
0.9761 0.9666 0.9970 0.9104 0.9531 0.9516 0.0015
0.9761 0.9666 0.9970 0.9104 0.9531 0.9516 0.0015
0.9758 0.9661 0.9970 0.9093 0.9525 0.9509 0.0015
0.9761 0.9666 0.9970 0.9104 0.9531 0.9516 0.0015
0.9758 0.9661 0.9970 0.9093 0.9525 0.9509 0.0015
Aggregation
0.7322 0.6810 0.8205 0.3801 0.5527 0.4396 0.0731
0.7500 0.6842 0.8204 0.3818 0.5543 0.4411 0.0741
0.7297 0.6764 0.8165 0.3745 0.5464 0.4307 0.0769
0.7500 0.6842 0.8204 0.3818 0.5543 0.4411 0.0741
0.8261 0.7259 0.8542 0.4381 0.6173 0.5225 0.0428
0.7322 0.6810 0.8205 0.3801 0.5527 0.4396 0.0731
0.7297 0.6771 0.8171 0.3752 0.5472 0.4319 0.0763
0.7297 0.6771 0.8171 0.3752 0.5472 0.4319 0.0763
0.8261 0.7259 0.8542 0.4381 0.6173 0.5225 0.0428
0.7500 0.6842 0.8204 0.3818 0.5543 0.4411 0.0741
flame
0.9917 0.9269 0.9834 0.9695 0.9845 0.9666 0.0083
0.9917 0.9269 0.9834 0.9695 0.9845 0.9666 0.0083
0.9917 0.9269 0.9834 0.9695 0.9845 0.9666 0.0083
0.9917 0.9269 0.9834 0.9695 0.9845 0.9666 0.0083
0.9917 0.9269 0.9834 0.9695 0.9845 0.9666 0.0083
0.9917 0.9269 0.9834 0.9695 0.9845 0.9666 0.0083
0.9917 0.9269 0.9834 0.9695 0.9845 0.9666 0.0083
0.9917 0.9269 0.9834 0.9695 0.9845 0.9666 0.0083
0.9917 0.9269 0.9834 0.9695 0.9845 0.9666 0.0083
0.9917 0.9269 0.9834 0.9695 0.9845 0.9666 0.0083
Compound
0.8296 0.7550 0.8278 0.4539 0.6263 0.5136 0.0680
0.8296 0.7547 0.8274 0.4525 0.6251 0.5121 0.0680
0.8296 0.7547 0.8274 0.4525 0.6251 0.5121 0.0680
0.8296 0.7550 0.8278 0.4539 0.6263 0.5136 0.0680
0.8296 0.7550 0.8278 0.4539 0.6263 0.5136 0.0680
0.8296 0.7550 0.8278 0.4539 0.6263 0.5136 0.0680
0.8296 0.7547 0.8274 0.4525 0.6251 0.5121 0.0680
0.8296 0.7547 0.8274 0.4525 0.6251 0.5121 0.0680
0.8296 0.7550 0.8278 0.4539 0.6263 0.5136 0.0680
0.8296 0.7547 0.8274 0.4525 0.6251 0.5121 0.0680
pathbased
0.9333 0.8285 0.9179 0.7807 0.8768 0.8152 0.0416
0.9333 0.8285 0.9179 0.7807 0.8768 0.8152 0.0416
0.9333 0.8285 0.9179 0.7807 0.8768 0.8152 0.0416
0.9333 0.8285 0.9179 0.7807 0.8768 0.8152 0.0416
0.9333 0.8285 0.9179 0.7807 0.8768 0.8152 0.0416
0.9333 0.8285 0.9179 0.7807 0.8768 0.8152 0.0416
0.9333 0.8285 0.9179 0.7807 0.8768 0.8152 0.0416
0.9333 0.8285 0.9179 0.7807 0.8768 0.8152 0.0416
0.9333 0.8285 0.9179 0.7807 0.8768 0.8152 0.0416
0.9333 0.8285 0.9179 0.7807 0.8768 0.8152 0.0416
spiral
0.8686 0.6415 0.8365 0.6116 0.7592 0.6354 0.0896
0.8686 0.6415 0.8365 0.6116 0.7592 0.6354 0.0896
0.8686 0.6415 0.8365 0.6116 0.7592 0.6354 0.0896
0.8686 0.6415 0.8365 0.6116 0.7592 0.6354 0.0896
0.8686 0.6415 0.8365 0.6116 0.7592 0.6354 0.0896
0.8686 0.6415 0.8365 0.6116 0.7592 0.6354 0.0896
0.8686 0.6415 0.8365 0.6116 0.7592 0.6354 0.0896
0.8686 0.6415 0.8365 0.6116 0.7592 0.6354 0.0896
0.8686 0.6415 0.8365 0.6116 0.7592 0.6354 0.0896
0.8686 0.6415 0.8365 0.6116 0.7592 0.6354 0.0896
s1
0.0810 0.0545 0.1210 0.0665 0.2504 0.0003 0.8749
0.0810 0.0545 0.1210 0.0665 0.2504 0.0003 0.8749
0.0810 0.0545 0.1210 0.0665 0.2504 0.0003 0.8749
0.0810 0.0545 0.1210 0.0665 0.2504 0.0003 0.8749
0.0810 0.0545 0.1210 0.0665 0.2504 0.0003 0.8749
0.0810 0.0545 0.1210 0.0665 0.2504 0.0003 0.8749
0.0810 0.0545 0.1210 0.0665 0.2504 0.0003 0.8749
0.0810 0.0545 0.1210 0.0665 0.2504 0.0003 0.8749
0.0810 0.0545 0.1210 0.0665 0.2504 0.0003 0.8749
0.0810 0.0545 0.1210 0.0665 0.2504 0.0003 0.8749
iris
0.9000 0.7981 0.8859 0.7119 0.8321 0.7455 0.0671
0.9000 0.7981 0.8859 0.7119 0.8321 0.7455 0.0671
0.9067 0.7857 0.8923 0.7232 0.8395 0.7583 0.0603
0.9067 0.7857 0.8923 0.7232 0.8395 0.7583 0.0603
0.9067 0.7857 0.8923 0.7232 0.8395 0.7583 0.0603
0.9000 0.7981 0.8859 0.7119 0.8321 0.7455 0.0671
0.9000 0.7981 0.8859 0.7119 0.8321 0.7455 0.0671
0.9000 0.7981 0.8859 0.7119 0.8321 0.7455 0.0671
0.9000 0.7981 0.8859 0.7119 0.8321 0.7455 0.0671
0.9000 0.7981 0.8859 0.7119 0.8321 0.7455 0.0671
ionosphere
0.6410 0.0375 0.5385 0.3988 0.5702 0.0719 0.2292
0.6410 0.0031 0.5137 0.3973 0.5692 0.0139 0.2684
0.6410 0.0375 0.5385 0.3988 0.5702 0.0719 0.2292
0.6410 0.0375 0.5385 0.3988 0.5702 0.0719 0.2292
0.6410 0.0375 0.5385 0.3988 0.5702 0.0719 0.2292
0.6410 0.0031 0.5137 0.3973 0.5692 0.0139 0.2684
0.6410 0.0031 0.5137 0.3973 0.5692 0.0139 0.2684
0.6410 0.0031 0.5137 0.3973 0.5692 0.0139 0.2684
0.6410 0.0375 0.5385 0.3988 0.5702 0.0719 0.2292
0.6410 0.0031 0.5137 0.3973 0.5692 0.0139 0.2684
wine
0.4270 0.0322 0.5308 0.2366 0.3851 0.0117 0.2766
0.4607 0.0679 0.5435 0.2371 0.3848 0.0253 0.2604
0.4607 0.0679 0.5435 0.2371 0.3848 0.0253 0.2604
0.4270 0.0322 0.5308 0.2366 0.3851 0.0117 0.2766
0.4270 0.0322 0.5308 0.2366 0.3851 0.0117 0.2766
0.4270 0.0322 0.5308 0.2366 0.3851 0.0117 0.2766
0.4607 0.0679 0.5435 0.2371 0.3848 0.0253 0.2604
0.4607 0.0679 0.5435 0.2371 0.3848 0.0253 0.2604
0.4607 0.0679 0.5435 0.2371 0.3848 0.0253 0.2604
0.4607 0.0679 0.5435 0.2371 0.3848 0.0253 0.2604
diabetes
0.6510 0.0160 0.5003 0.4037 0.5767 -0.0235 0.2929
0.6510 0.0160 0.5003 0.4037 0.5767 -0.0235 0.2929
0.6510 0.0160 0.5003 0.4037 0.5767 -0.0235 0.2929
0.6510 0.0160 0.5003 0.4037 0.5767 -0.0235 0.2929
0.6510 0.0160 0.5003 0.4037 0.5767 -0.0235 0.2929
0.6510 0.0160 0.5003 0.4037 0.5767 -0.0235 0.2929
0.6510 0.0160 0.5003 0.4037 0.5767 -0.0235 0.2929
0.6510 0.0160 0.5003 0.4037 0.5767 -0.0235 0.2929
0.6510 0.0160 0.5003 0.4037 0.5767 -0.0235 0.2929
0.6510 0.0160 0.5003 0.4037 0.5767 -0.0235 0.2929
segmentation
0.5571 0.4860 0.8176 0.2450 0.3948 0.2870 0.1028
0.5190 0.4760 0.8010 0.2344 0.3833 0.2638 0.1212
0.5095 0.4542 0.7996 0.2280 0.3745 0.2545 0.1208
0.5429 0.4597 0.8148 0.2348 0.3812 0.2720 0.1033
0.5095 0.4542 0.7996 0.2280 0.3745 0.2545 0.1208
0.5095 0.4542 0.7996 0.2280 0.3745 0.2545 0.1208
0.5476 0.4646 0.8162 0.2381 0.3857 0.2773 0.1025
0.5095 0.4542 0.7996 0.2280 0.3745 0.2545 0.1208
0.5571 0.4860 0.8176 0.2450 0.3948 0.2870 0.1028
0.5095 0.4542 0.7996 0.2280 0.3745 0.2545 0.1208
glass
0.4813 0.3230 0.5311 0.3197 0.5362 0.1802 0.4294
0.4813 0.3230 0.5311 0.3197 0.5362 0.1802 0.4294
0.4813 0.3230 0.5311 0.3197 0.5362 0.1802 0.4294
0.4813 0.3230 0.5311 0.3197 0.5362 0.1802 0.4294
0.4813 0.3230 0.5311 0.3197 0.5362 0.1802 0.4294
0.4813 0.3230 0.5311 0.3197 0.5362 0.1802 0.4294
0.4813 0.3230 0.5311 0.3197 0.5362 0.1802 0.4294
0.4813 0.3230 0.5311 0.3197 0.5362 0.1802 0.4294
0.4813 0.3230 0.5311 0.3197 0.5362 0.1802 0.4294
0.4813 0.3230 0.5311 0.3197 0.5362 0.1802 0.4294
wdbc
0.6942 0.1807 0.5747 0.4239 0.5954 0.1472 0.2066
0.6942 0.1807 0.5747 0.4239 0.5954 0.1472 0.2066
0.6942 0.1807 0.5747 0.4239 0.5954 0.1472 0.2066
0.6942 0.1807 0.5747 0.4239 0.5954 0.1472 0.2066
0.6942 0.1807 0.5747 0.4239 0.5954 0.1472 0.2066
0.6942 0.1807 0.5747 0.4239 0.5954 0.1472 0.2066
0.6942 0.1807 0.5747 0.4239 0.5954 0.1472 0.2066
0.6942 0.1807 0.5747 0.4239 0.5954 0.1472 0.2066
0.6942 0.1807 0.5747 0.4239 0.5954 0.1472 0.2066
0.6942 0.1807 0.5747 0.4239 0.5954 0.1472 0.2066
wpbc
0.7629 0.0016 0.6008 0.5859 0.7495 -0.0158 0.3277
0.7629 0.0016 0.6008 0.5859 0.7495 -0.0158 0.3277
0.7629 0.0016 0.6008 0.5859 0.7495 -0.0158 0.3277
0.7629 0.0016 0.6008 0.5859 0.7495 -0.0158 0.3277
0.7629 0.0016 0.6008 0.5859 0.7495 -0.0158 0.3277
0.7629 0.0016 0.6008 0.5859 0.7495 -0.0158 0.3277
0.7629 0.0016 0.6008 0.5859 0.7495 -0.0158 0.3277
0.7629 0.0016 0.6008 0.5859 0.7495 -0.0158 0.3277
0.7629 0.0016 0.6008 0.5859 0.7495 -0.0158 0.3277
0.7629 0.0016 0.6008 0.5859 0.7495 -0.0158 0.3277
