jain
0.7399 0.3019
0.0000 0.0086
R15
0.9960 0.9931
0.0009 0.0015
D31
0.9736 0.9638
0.0001 0.0001
Aggregation
0.9820 0.9642
0.0013 0.0017
flame
0.9500 0.7205
0.0000 0.0000
Compound
0.8321 0.7634
0.0000 0.0000
pathbased
0.7933 0.5945
0.0000 0.0000
spiral
0.4679 0.0454
0.0000 0.0000
s1
0.9930 0.9865
0.0000 0.0000
iris
0.9067 0.7857
0.0000 0.0000
ionosphere
0.7316 0.2335
0.0029 0.0034
wine
0.7247 0.3948
0.0000 0.0000
diabetes
0.6510 0.0008
0.0000 0.0000
segmentation
0.5786 0.5733
0.0254 0.0120
glass
0.6407 0.4216
0.0015 0.0009
wdbc
0.8032 0.3903
0.0000 0.0000
wpbc
0.7629 0.0291
0.0000 0.0000
