jain
0.7399 0.3072 0.5875 0.4608 0.6340 0.1736 0.1510
0.7399 0.2895 0.5723 0.4481 0.6217 0.1415 0.1608
0.7399 0.2895 0.5723 0.4481 0.6217 0.1415 0.1608
0.7399 0.3072 0.5875 0.4608 0.6340 0.1736 0.1510
0.7399 0.3072 0.5875 0.4608 0.6340 0.1736 0.1510
0.7399 0.3072 0.5875 0.4608 0.6340 0.1736 0.1510
0.7399 0.3072 0.5875 0.4608 0.6340 0.1736 0.1510
0.7399 0.3072 0.5875 0.4608 0.6340 0.1736 0.1510
0.7399 0.3072 0.5875 0.4608 0.6340 0.1736 0.1510
0.7399 0.2895 0.5723 0.4481 0.6217 0.1415 0.1608
R15
0.9967 0.9942 0.9991 0.9866 0.9932 0.9928 0.0004
0.9950 0.9913 0.9987 0.9799 0.9899 0.9892 0.0007
0.9967 0.9942 0.9991 0.9866 0.9932 0.9928 0.0004
0.9950 0.9913 0.9987 0.9799 0.9899 0.9892 0.0007
0.9967 0.9942 0.9991 0.9866 0.9932 0.9928 0.0004
0.9967 0.9942 0.9991 0.9866 0.9932 0.9928 0.0004
0.9950 0.9913 0.9987 0.9799 0.9899 0.9892 0.0007
0.9967 0.9942 0.9991 0.9866 0.9932 0.9928 0.0004
0.9967 0.9942 0.9991 0.9866 0.9932 0.9928 0.0004
0.9950 0.9913 0.9987 0.9799 0.9899 0.9892 0.0007
D31
0.9735 0.9637 0.9967 0.9015 0.9482 0.9465 0.0017
0.9735 0.9637 0.9967 0.9015 0.9482 0.9465 0.0017
0.9739 0.9640 0.9967 0.9026 0.9488 0.9471 0.0016
0.9735 0.9637 0.9967 0.9015 0.9482 0.9465 0.0017
0.9735 0.9637 0.9967 0.9015 0.9482 0.9465 0.0017
0.9735 0.9637 0.9967 0.9015 0.9482 0.9465 0.0017
0.9735 0.9637 0.9967 0.9015 0.9482 0.9465 0.0017
0.9735 0.9637 0.9967 0.9015 0.9482 0.9465 0.0017
0.9735 0.9637 0.9967 0.9015 0.9482 0.9465 0.0017
0.9735 0.9637 0.9967 0.9015 0.9482 0.9465 0.0017
Aggregation
0.9810 0.9629 0.9862 0.9368 0.9676 0.9586 0.0021
0.9835 0.9661 0.9880 0.9451 0.9720 0.9642 0.0019
0.9810 0.9629 0.9862 0.9368 0.9676 0.9586 0.0021
0.9835 0.9661 0.9880 0.9451 0.9720 0.9642 0.0019
0.9835 0.9661 0.9880 0.9451 0.9720 0.9642 0.0019
0.9835 0.9661 0.9880 0.9451 0.9720 0.9642 0.0019
0.9810 0.9629 0.9862 0.9368 0.9676 0.9586 0.0021
0.9810 0.9629 0.9862 0.9368 0.9676 0.9586 0.0021
0.9810 0.9629 0.9862 0.9368 0.9676 0.9586 0.0021
0.9810 0.9629 0.9862 0.9368 0.9676 0.9586 0.0021
flame
0.9500 0.7205 0.9046 0.8342 0.9097 0.8087 0.0396
0.9500 0.7205 0.9046 0.8342 0.9097 0.8087 0.0396
0.9500 0.7205 0.9046 0.8342 0.9097 0.8087 0.0396
0.9500 0.7205 0.9046 0.8342 0.9097 0.8087 0.0396
0.9500 0.7205 0.9046 0.8342 0.9097 0.8087 0.0396
0.9500 0.7205 0.9046 0.8342 0.9097 0.8087 0.0396
0.9500 0.7205 0.9046 0.8342 0.9097 0.8087 0.0396
0.9500 0.7205 0.9046 0.8342 0.9097 0.8087 0.0396
0.9500 0.7205 0.9046 0.8342 0.9097 0.8087 0.0396
0.9500 0.7205 0.9046 0.8342 0.9097 0.8087 0.0396
Compound
0.8321 0.7634 0.8298 0.4585 0.6307 0.5193 0.0671
0.8321 0.7634 0.8298 0.4585 0.6307 0.5193 0.0671
0.8321 0.7634 0.8298 0.4585 0.6307 0.5193 0.0671
0.8321 0.7634 0.8298 0.4585 0.6307 0.5193 0.0671
0.8321 0.7634 0.8298 0.4585 0.6307 0.5193 0.0671
0.8321 0.7634 0.8298 0.4585 0.6307 0.5193 0.0671
0.8321 0.7634 0.8298 0.4585 0.6307 0.5193 0.0671
0.8321 0.7634 0.8298 0.4585 0.6307 0.5193 0.0671
0.8321 0.7634 0.8298 0.4585 0.6307 0.5193 0.0671
0.8321 0.7634 0.8298 0.4585 0.6307 0.5193 0.0671
pathbased
0.7933 0.5945 0.7816 0.5292 0.6934 0.5239 0.1310
0.7933 0.5945 0.7816 0.5292 0.6934 0.5239 0.1310
0.7933 0.5945 0.7816 0.5292 0.6934 0.5239 0.1310
0.7933 0.5945 0.7816 0.5292 0.6934 0.5239 0.1310
0.7933 0.5945 0.7816 0.5292 0.6934 0.5239 0.1310
0.7933 0.5945 0.7816 0.5292 0.6934 0.5239 0.1310
0.7933 0.5945 0.7816 0.5292 0.6934 0.5239 0.1310
0.7933 0.5945 0.7816 0.5292 0.6934 0.5239 0.1310
0.7933 0.5945 0.7816 0.5292 0.6934 0.5239 0.1310
0.7933 0.5945 0.7816 0.5292 0.6934 0.5239 0.1310
spiral
0.4679 0.0454 0.5760 0.2202 0.3609 0.0437 0.2124
0.4679 0.0454 0.5760 0.2202 0.3609 0.0437 0.2124
0.4679 0.0454 0.5760 0.2202 0.3609 0.0437 0.2124
0.4679 0.0454 0.5760 0.2202 0.3609 0.0437 0.2124
0.4679 0.0454 0.5760 0.2202 0.3609 0.0437 0.2124
0.4679 0.0454 0.5760 0.2202 0.3609 0.0437 0.2124
0.4679 0.0454 0.5760 0.2202 0.3609 0.0437 0.2124
0.4679 0.0454 0.5760 0.2202 0.3609 0.0437 0.2124
0.4679 0.0454 0.5760 0.2202 0.3609 0.0437 0.2124
0.4679 0.0454 0.5760 0.2202 0.3609 0.0437 0.2124
s1
0.9930 0.9865 0.9981 0.9726 0.9861 0.9851 0.0010
0.9930 0.9865 0.9981 0.9726 0.9861 0.9851 0.0010
0.9930 0.9865 0.9981 0.9726 0.9861 0.9851 0.0010
0.9930 0.9865 0.9981 0.9726 0.9861 0.9851 0.0010
0.9930 0.9865 0.9981 0.9726 0.9861 0.9851 0.0010
0.9930 0.9865 0.9981 0.9726 0.9861 0.9851 0.0010
0.9930 0.9865 0.9981 0.9726 0.9861 0.9851 0.0010
0.9930 0.9865 0.9981 0.9726 0.9861 0.9851 0.0010
0.9930 0.9865 0.9981 0.9726 0.9861 0.9851 0.0010
0.9930 0.9865 0.9981 0.9726 0.9861 0.9851 0.0010
iris
0.9067 0.7857 0.8923 0.7232 0.8395 0.7583 0.0603
0.9067 0.7857 0.8923 0.7232 0.8395 0.7583 0.0603
0.9067 0.7857 0.8923 0.7232 0.8395 0.7583 0.0603
0.9067 0.7857 0.8923 0.7232 0.8395 0.7583 0.0603
0.9067 0.7857 0.8923 0.7232 0.8395 0.7583 0.0603
0.9067 0.7857 0.8923 0.7232 0.8395 0.7583 0.0603
0.9067 0.7857 0.8923 0.7232 0.8395 0.7583 0.0603
0.9067 0.7857 0.8923 0.7232 0.8395 0.7583 0.0603
0.9067 0.7857 0.8923 0.7232 0.8395 0.7583 0.0603
0.9067 0.7857 0.8923 0.7232 0.8395 0.7583 0.0603
ionosphere
0.7293 0.2309 0.6041 0.4508 0.6218 0.2072 0.1825
0.7350 0.2374 0.6094 0.4556 0.6263 0.2180 0.1791
0.7293 0.2309 0.6041 0.4508 0.6218 0.2072 0.1825
0.7350 0.2374 0.6094 0.4556 0.6263 0.2180 0.1791
0.7293 0.2309 0.6041 0.4508 0.6218 0.2072 0.1825
0.7350 0.2374 0.6094 0.4556 0.6263 0.2180 0.1791
0.7293 0.2309 0.6041 0.4508 0.6218 0.2072 0.1825
0.7350 0.2374 0.6094 0.4556 0.6263 0.2180 0.1791
0.7293 0.2309 0.6041 0.4508 0.6218 0.2072 0.1825
0.7293 0.2309 0.6041 0.4508 0.6218 0.2072 0.1825
wine
0.7247 0.3948 0.7334 0.4294 0.6009 0.4007 0.1293
0.7247 0.3948 0.7334 0.4294 0.6009 0.4007 0.1293
0.7247 0.3948 0.7334 0.4294 0.6009 0.4007 0.1293
0.7247 0.3948 0.7334 0.4294 0.6009 0.4007 0.1293
0.7247 0.3948 0.7334 0.4294 0.6009 0.4007 0.1293
0.7247 0.3948 0.7334 0.4294 0.6009 0.4007 0.1293
0.7247 0.3948 0.7334 0.4294 0.6009 0.4007 0.1293
0.7247 0.3948 0.7334 0.4294 0.6009 0.4007 0.1293
0.7247 0.3948 0.7334 0.4294 0.6009 0.4007 0.1293
0.7247 0.3948 0.7334 0.4294 0.6009 0.4007 0.1293
diabetes
0.6510 0.0008 0.4998 0.3523 0.5216 -0.0002 0.2272
0.6510 0.0008 0.4998 0.3523 0.5216 -0.0002 0.2272
0.6510 0.0008 0.4998 0.3523 0.5216 -0.0002 0.2272
0.6510 0.0008 0.4998 0.3523 0.5216 -0.0002 0.2272
0.6510 0.0008 0.4998 0.3523 0.5216 -0.0002 0.2272
0.6510 0.0008 0.4998 0.3523 0.5216 -0.0002 0.2272
0.6510 0.0008 0.4998 0.3523 0.5216 -0.0002 0.2272
0.6510 0.0008 0.4998 0.3523 0.5216 -0.0002 0.2272
0.6510 0.0008 0.4998 0.3523 0.5216 -0.0002 0.2272
0.6510 0.0008 0.4998 0.3523 0.5216 -0.0002 0.2272
segmentation
0.6476 0.6069 0.8515 0.3480 0.5187 0.4296 0.0889
0.5762 0.5673 0.8452 0.3083 0.4719 0.3809 0.0850
0.5619 0.5723 0.8422 0.3055 0.4690 0.3759 0.0884
0.5762 0.5673 0.8452 0.3083 0.4719 0.3809 0.0850
0.5762 0.5673 0.8452 0.3083 0.4719 0.3809 0.0850
0.5571 0.5684 0.8409 0.3024 0.4654 0.3715 0.0894
0.5762 0.5718 0.8435 0.3073 0.4710 0.3787 0.0872
0.5762 0.5718 0.8435 0.3073 0.4710 0.3787 0.0872
0.5762 0.5673 0.8452 0.3083 0.4719 0.3809 0.0850
0.5619 0.5723 0.8422 0.3055 0.4690 0.3759 0.0884
glass
0.6402 0.4219 0.7363 0.2713 0.4304 0.2592 0.1021
0.6402 0.4219 0.7363 0.2713 0.4304 0.2592 0.1021
0.6402 0.4219 0.7363 0.2713 0.4304 0.2592 0.1021
0.6402 0.4219 0.7363 0.2713 0.4304 0.2592 0.1021
0.6402 0.4219 0.7363 0.2713 0.4304 0.2592 0.1021
0.6402 0.4219 0.7363 0.2713 0.4304 0.2592 0.1021
0.6402 0.4219 0.7363 0.2713 0.4304 0.2592 0.1021
0.6402 0.4219 0.7363 0.2713 0.4304 0.2592 0.1021
0.6402 0.4219 0.7363 0.2713 0.4304 0.2592 0.1021
0.6449 0.4191 0.7370 0.2734 0.4329 0.2621 0.1022
wdbc
0.8032 0.3903 0.6833 0.5318 0.6945 0.3662 0.1448
0.8032 0.3903 0.6833 0.5318 0.6945 0.3662 0.1448
0.8032 0.3903 0.6833 0.5318 0.6945 0.3662 0.1448
0.8032 0.3903 0.6833 0.5318 0.6945 0.3662 0.1448
0.8032 0.3903 0.6833 0.5318 0.6945 0.3662 0.1448
0.8032 0.3903 0.6833 0.5318 0.6945 0.3662 0.1448
0.8032 0.3903 0.6833 0.5318 0.6945 0.3662 0.1448
0.8032 0.3903 0.6833 0.5318 0.6945 0.3662 0.1448
0.8032 0.3903 0.6833 0.5318 0.6945 0.3662 0.1448
0.8032 0.3903 0.6833 0.5318 0.6945 0.3662 0.1448
wpbc
0.7629 0.0291 0.5028 0.3922 0.5674 0.0040 0.1818
0.7629 0.0291 0.5028 0.3922 0.5674 0.0040 0.1818
0.7629 0.0291 0.5028 0.3922 0.5674 0.0040 0.1818
0.7629 0.0291 0.5028 0.3922 0.5674 0.0040 0.1818
0.7629 0.0291 0.5028 0.3922 0.5674 0.0040 0.1818
0.7629 0.0291 0.5028 0.3922 0.5674 0.0040 0.1818
0.7629 0.0291 0.5028 0.3922 0.5674 0.0040 0.1818
0.7629 0.0291 0.5028 0.3922 0.5674 0.0040 0.1818
0.7629 0.0291 0.5028 0.3922 0.5674 0.0040 0.1818
0.7629 0.0291 0.5028 0.3922 0.5674 0.0040 0.1818
