jain
0.7399 0.2216
0.0000 0.0000
R15
0.9955 0.9922
0.0008 0.0014
D31
0.9717 0.9610
0.0002 0.0003
Aggregation
0.9602 0.9268
0.0007 0.0021
flame
0.9917 0.9269
0.0000 0.0000
Compound
0.8321 0.7575
0.0000 0.0000
pathbased
0.9000 0.7969
0.0000 0.0000
spiral
0.9359 0.8061
0.0000 0.0000
s1
0.2531 0.2552
0.0020 0.0029
iris
0.9000 0.7777
0.0000 0.0000
ionosphere
0.6467 0.0445
0.0000 0.0000
wine
0.5921 0.2677
0.0393 0.0526
diabetes
0.6510 0.0008
0.0000 0.0000
segmentation
0.6200 0.5648
0.0092 0.0250
glass
0.5888 0.3310
0.0000 0.0044
wdbc
0.6274 0.0960
0.0000 0.0000
wpbc
0.7629 0.0046
0.0000 0.0000
