jain
0.7399 0.2299
0.0000 0.0021
R15
0.9893 0.9835
0.0009 0.0015
D31
0.9672 0.9564
0.0003 0.0003
Aggregation
0.9340 0.8934
0.0000 0.0000
flame
0.9833 0.8883
0.0000 0.0000
Compound
0.8321 0.7596
0.0000 0.0024
pathbased
0.8933 0.7895
0.0000 0.0000
spiral
0.9199 0.7739
0.0000 0.0000
s1
0.2518 0.2483
0.0018 0.0055
iris
0.9333 0.8226
0.0000 0.0000
ionosphere
0.6496 0.0463
0.0000 0.0000
wine
0.5966 0.2589
0.0332 0.0381
diabetes
0.6510 0.0013
0.0000 0.0000
segmentation
0.5929 0.5191
0.0176 0.0292
glass
0.5935 0.3329
0.0000 0.0000
wdbc
0.6274 0.0944
0.0000 0.0007
wpbc
0.7629 0.0016
0.0000 0.0000
